202.5 735.0 0.0 705.0
8872.5 735.0 9075.0 705.0
322.5 562.5 202.5 735.0
8752.5 562.5 8872.5 735.0
592.5 697.5 322.5 562.5
8482.5 697.5 8752.5 562.5
1245.0 0.0 1237.5 67.5
7830.0 0.0 7837.5 67.5
4410.0 1282.5 4500.0 1162.5
4665.0 1282.5 4575.0 1162.5
4500.0 1342.5 4410.0 1282.5
4575.0 1342.5 4665.0 1282.5
4312.5 1672.5 4237.5 1785.0
4762.5 1672.5 4837.5 1785.0
4312.5 1672.5 4500.0 1702.5
4762.5 1672.5 4575.0 1702.5
4447.5 877.5 4500.0 907.5
4627.5 877.5 4575.0 907.5
4170.0 975.0 4447.5 877.5
4905.0 975.0 4627.5 877.5
3217.5 727.5 3045.0 660.0
5857.5 727.5 6030.0 660.0
3247.5 915.0 3217.5 727.5
5827.5 915.0 5857.5 727.5
3112.5 1027.5 3247.5 915.0
5962.5 1027.5 5827.5 915.0
3352.5 630.0 3217.5 727.5
5722.5 630.0 5857.5 727.5
3480.0 262.5 3435.0 0.0
5595.0 262.5 5640.0 0.0
4147.5 1102.5 4170.0 975.0
4927.5 1102.5 4905.0 975.0
4312.5 1312.5 4410.0 1282.5
4762.5 1312.5 4665.0 1282.5
4312.5 1312.5 4147.5 1102.5
4762.5 1312.5 4927.5 1102.5
4245.0 1455.0 4312.5 1672.5
4830.0 1455.0 4762.5 1672.5
4245.0 1455.0 4312.5 1312.5
4830.0 1455.0 4762.5 1312.5
4027.5 1845.0 4237.5 1785.0
5047.5 1845.0 4837.5 1785.0
3172.5 1290.0 3112.5 1027.5
5902.5 1290.0 5962.5 1027.5
3172.5 1290.0 3007.5 1395.0
5902.5 1290.0 6067.5 1395.0
3367.5 1312.5 3172.5 1290.0
5707.5 1312.5 5902.5 1290.0
3840.0 1177.5 4147.5 1102.5
5235.0 1177.5 4927.5 1102.5
3802.5 1237.5 3840.0 1177.5
5272.5 1237.5 5235.0 1177.5
3450.0 1200.0 3367.5 1312.5
5625.0 1200.0 5707.5 1312.5
3450.0 1200.0 3802.5 1237.5
5625.0 1200.0 5272.5 1237.5
3427.5 1012.5 3247.5 915.0
5647.5 1012.5 5827.5 915.0
3427.5 1012.5 3450.0 1200.0
5647.5 1012.5 5625.0 1200.0
262.5 367.5 322.5 562.5
8812.5 367.5 8752.5 562.5
480.0 195.0 262.5 367.5
8595.0 195.0 8812.5 367.5
480.0 195.0 397.5 0.0
8595.0 195.0 8677.5 0.0
0.0 5932.5 172.5 6000.0
9075.0 5932.5 8902.5 6000.0
697.5 5985.0 690.0 6000.0
8377.5 5985.0 8385.0 6000.0
4447.5 3090.0 4500.0 3082.5
4627.5 3090.0 4575.0 3082.5
4417.5 3360.0 4500.0 3412.5
4657.5 3360.0 4575.0 3412.5
4417.5 3360.0 4447.5 3090.0
4657.5 3360.0 4627.5 3090.0
4237.5 3420.0 4170.0 3675.0
4837.5 3420.0 4905.0 3675.0
4237.5 3420.0 4417.5 3360.0
4837.5 3420.0 4657.5 3360.0
2865.0 5985.0 2872.5 6000.0
6210.0 5985.0 6202.5 6000.0
2775.0 5895.0 2865.0 5985.0
6300.0 5895.0 6210.0 5985.0
4245.0 3802.5 4170.0 3675.0
4830.0 3802.5 4905.0 3675.0
4245.0 3802.5 4147.5 3997.5
4830.0 3802.5 4927.5 3997.5
4387.5 3795.0 4500.0 3705.0
4687.5 3795.0 4575.0 3705.0
4387.5 3795.0 4500.0 3922.5
4687.5 3795.0 4575.0 3922.5
4387.5 3795.0 4245.0 3802.5
4687.5 3795.0 4830.0 3802.5
1965.0 1335.0 2227.5 1260.0
7110.0 1335.0 6847.5 1260.0
2197.5 960.0 2310.0 892.5
6877.5 960.0 6765.0 892.5
2197.5 960.0 2227.5 1260.0
6877.5 960.0 6847.5 1260.0
2512.5 517.5 2655.0 600.0
6562.5 517.5 6420.0 600.0
2355.0 547.5 2310.0 892.5
6720.0 547.5 6765.0 892.5
2355.0 547.5 2512.5 517.5
6720.0 547.5 6562.5 517.5
2167.5 442.5 2355.0 547.5
6907.5 442.5 6720.0 547.5
1725.0 202.5 1785.0 0.0
7350.0 202.5 7290.0 0.0
1402.5 412.5 1282.5 465.0
7672.5 412.5 7792.5 465.0
1335.0 105.0 1237.5 67.5
7740.0 105.0 7837.5 67.5
1335.0 105.0 1402.5 412.5
7740.0 105.0 7672.5 412.5
1485.0 75.0 1500.0 0.0
7590.0 75.0 7575.0 0.0
1485.0 75.0 1725.0 202.5
7590.0 75.0 7350.0 202.5
1485.0 75.0 1335.0 105.0
7590.0 75.0 7740.0 105.0
2587.5 97.5 2512.5 517.5
6487.5 97.5 6562.5 517.5
2587.5 97.5 2700.0 0.0
6487.5 97.5 6375.0 0.0
2340.0 157.5 2167.5 442.5
6735.0 157.5 6907.5 442.5
2340.0 157.5 2152.5 0.0
6735.0 157.5 6922.5 0.0
2340.0 157.5 2587.5 97.5
6735.0 157.5 6487.5 97.5
2985.0 555.0 3045.0 660.0
6090.0 555.0 6030.0 660.0
2842.5 510.0 2655.0 600.0
6232.5 510.0 6420.0 600.0
2842.5 510.0 2782.5 0.0
6232.5 510.0 6292.5 0.0
2842.5 510.0 2985.0 555.0
6232.5 510.0 6090.0 555.0
4357.5 2055.0 4237.5 1785.0
4717.5 2055.0 4837.5 1785.0
4447.5 2092.5 4500.0 2062.5
4627.5 2092.5 4575.0 2062.5
4447.5 2092.5 4357.5 2055.0
4627.5 2092.5 4717.5 2055.0
4455.0 2310.0 4500.0 2340.0
4620.0 2310.0 4575.0 2340.0
4455.0 2310.0 4447.5 2092.5
4620.0 2310.0 4627.5 2092.5
4462.5 67.5 4500.0 67.5
4612.5 67.5 4575.0 67.5
4462.5 67.5 4455.0 0.0
4612.5 67.5 4620.0 0.0
2820.0 1327.5 3007.5 1395.0
6255.0 1327.5 6067.5 1395.0
2647.5 1560.0 2662.5 1687.5
6427.5 1560.0 6412.5 1687.5
2647.5 1560.0 2820.0 1327.5
6427.5 1560.0 6255.0 1327.5
2340.0 1425.0 2647.5 1560.0
6735.0 1425.0 6427.5 1560.0
2310.0 1327.5 2227.5 1260.0
6765.0 1327.5 6847.5 1260.0
2310.0 1327.5 2340.0 1425.0
6765.0 1327.5 6735.0 1425.0
3615.0 300.0 3480.0 262.5
5460.0 300.0 5595.0 262.5
3585.0 1867.5 3637.5 1995.0
5490.0 1867.5 5437.5 1995.0
3427.5 1492.5 3367.5 1312.5
5647.5 1492.5 5707.5 1312.5
3945.0 1747.5 4027.5 1845.0
5130.0 1747.5 5047.5 1845.0
3652.5 1695.0 3585.0 1867.5
5422.5 1695.0 5490.0 1867.5
3652.5 1695.0 3945.0 1747.5
5422.5 1695.0 5130.0 1747.5
3622.5 1582.5 3427.5 1492.5
5452.5 1582.5 5647.5 1492.5
3622.5 1582.5 3652.5 1695.0
5452.5 1582.5 5422.5 1695.0
3825.0 1365.0 3802.5 1237.5
5250.0 1365.0 5272.5 1237.5
3825.0 1365.0 3622.5 1582.5
5250.0 1365.0 5452.5 1582.5
3990.0 1477.5 4245.0 1455.0
5085.0 1477.5 4830.0 1455.0
3990.0 1477.5 3945.0 1747.5
5085.0 1477.5 5130.0 1747.5
3990.0 1477.5 3825.0 1365.0
5085.0 1477.5 5250.0 1365.0
60.0 142.5 90.0 0.0
9015.0 142.5 8985.0 0.0
165.0 337.5 262.5 367.5
8910.0 337.5 8812.5 367.5
165.0 337.5 60.0 142.5
8910.0 337.5 9015.0 142.5
0.0 420.0 165.0 337.5
9075.0 420.0 8910.0 337.5
0.0 135.0 60.0 142.5
9075.0 135.0 9015.0 142.5
37.5 1642.5 0.0 1597.5
9037.5 1642.5 9075.0 1597.5
652.5 795.0 592.5 697.5
8422.5 795.0 8482.5 697.5
652.5 795.0 532.5 1035.0
8422.5 795.0 8542.5 1035.0
1072.5 135.0 1237.5 67.5
8002.5 135.0 7837.5 67.5
1072.5 277.5 1282.5 465.0
8002.5 277.5 7792.5 465.0
1072.5 277.5 1072.5 135.0
8002.5 277.5 8002.5 135.0
930.0 450.0 1072.5 277.5
8145.0 450.0 8002.5 277.5
727.5 397.5 592.5 697.5
8347.5 397.5 8482.5 697.5
727.5 397.5 930.0 450.0
8347.5 397.5 8145.0 450.0
607.5 195.0 480.0 195.0
8467.5 195.0 8595.0 195.0
607.5 195.0 727.5 397.5
8467.5 195.0 8347.5 397.5
1860.0 1575.0 1965.0 1335.0
7215.0 1575.0 7110.0 1335.0
1597.5 1567.5 1860.0 1575.0
7477.5 1567.5 7215.0 1575.0
1597.5 1567.5 1507.5 1687.5
7477.5 1567.5 7567.5 1687.5
270.0 2572.5 187.5 2647.5
8805.0 2572.5 8887.5 2647.5
555.0 2190.0 660.0 1927.5
8520.0 2190.0 8415.0 1927.5
1297.5 6000.0 1297.5 5895.0
7777.5 6000.0 7777.5 5895.0
937.5 5940.0 697.5 5985.0
8137.5 5940.0 8377.5 5985.0
937.5 5940.0 967.5 6000.0
8137.5 5940.0 8107.5 6000.0
1042.5 5812.5 1297.5 5895.0
8032.5 5812.5 7777.5 5895.0
1042.5 5812.5 937.5 5940.0
8032.5 5812.5 8137.5 5940.0
157.5 5617.5 0.0 5625.0
8917.5 5617.5 9075.0 5625.0
517.5 5782.5 697.5 5985.0
8557.5 5782.5 8377.5 5985.0
322.5 5820.0 195.0 6000.0
8752.5 5820.0 8880.0 6000.0
322.5 5820.0 157.5 5617.5
8752.5 5820.0 8917.5 5617.5
322.5 5820.0 517.5 5782.5
8752.5 5820.0 8557.5 5782.5
4290.0 3000.0 4447.5 3090.0
4785.0 3000.0 4627.5 3090.0
4365.0 2707.5 4500.0 2692.5
4710.0 2707.5 4575.0 2692.5
4365.0 2707.5 4290.0 3000.0
4710.0 2707.5 4785.0 3000.0
3990.0 2880.0 3945.0 2692.5
5085.0 2880.0 5130.0 2692.5
4192.5 3022.5 4290.0 3000.0
4882.5 3022.5 4785.0 3000.0
4192.5 3022.5 3990.0 2880.0
4882.5 3022.5 5085.0 2880.0
4080.0 3255.0 4237.5 3420.0
4995.0 3255.0 4837.5 3420.0
4080.0 3255.0 4192.5 3022.5
4995.0 3255.0 4882.5 3022.5
2715.0 6000.0 2775.0 5895.0
6360.0 6000.0 6300.0 5895.0
3622.5 6000.0 3682.5 5925.0
5452.5 6000.0 5392.5 5925.0
3202.5 5895.0 2865.0 5985.0
5872.5 5895.0 6210.0 5985.0
3202.5 5895.0 3217.5 6000.0
5872.5 5895.0 5857.5 6000.0
4245.0 4155.0 4147.5 3997.5
4830.0 4155.0 4927.5 3997.5
4245.0 4155.0 4140.0 4425.0
4830.0 4155.0 4935.0 4425.0
4500.0 4252.5 4245.0 4155.0
4575.0 4252.5 4830.0 4155.0
4080.0 4747.5 3975.0 5002.5
4995.0 4747.5 5100.0 5002.5
4342.5 5955.0 4500.0 5902.5
4732.5 5955.0 4575.0 5902.5
4327.5 6000.0 4342.5 5955.0
4747.5 6000.0 4732.5 5955.0
3877.5 5962.5 3682.5 5925.0
5197.5 5962.5 5392.5 5925.0
3877.5 5962.5 3892.5 6000.0
5197.5 5962.5 5182.5 6000.0
4297.5 5670.0 4500.0 5632.5
4777.5 5670.0 4575.0 5632.5
4215.0 5812.5 4342.5 5955.0
4860.0 5812.5 4732.5 5955.0
4215.0 5812.5 4297.5 5670.0
4860.0 5812.5 4777.5 5670.0
3990.0 5820.0 3877.5 5962.5
5085.0 5820.0 5197.5 5962.5
3990.0 5820.0 4215.0 5812.5
5085.0 5820.0 4860.0 5812.5
3952.5 5460.0 3795.0 5430.0
5122.5 5460.0 5280.0 5430.0
3952.5 5460.0 3990.0 5820.0
5122.5 5460.0 5085.0 5820.0
3637.5 2752.5 3945.0 2692.5
5437.5 2752.5 5130.0 2692.5
2002.5 877.5 2197.5 960.0
7072.5 877.5 6877.5 960.0
1807.5 1140.0 1965.0 1335.0
7267.5 1140.0 7110.0 1335.0
1807.5 1140.0 2002.5 877.5
7267.5 1140.0 7072.5 877.5
1605.0 442.5 1402.5 412.5
7470.0 442.5 7672.5 412.5
1747.5 270.0 1725.0 202.5
7327.5 270.0 7350.0 202.5
1747.5 270.0 1605.0 442.5
7327.5 270.0 7470.0 442.5
1965.0 330.0 2115.0 0.0
7110.0 330.0 6960.0 0.0
1965.0 330.0 1747.5 270.0
7110.0 330.0 7327.5 270.0
2085.0 442.5 2167.5 442.5
6990.0 442.5 6907.5 442.5
2085.0 442.5 1965.0 330.0
6990.0 442.5 7110.0 330.0
1935.0 765.0 2002.5 877.5
7140.0 765.0 7072.5 877.5
1935.0 765.0 2085.0 442.5
7140.0 765.0 6990.0 442.5
1635.0 727.5 1605.0 442.5
7440.0 727.5 7470.0 442.5
1635.0 727.5 1935.0 765.0
7440.0 727.5 7140.0 765.0
3360.0 300.0 3480.0 262.5
5715.0 300.0 5595.0 262.5
3300.0 375.0 3352.5 630.0
5775.0 375.0 5722.5 630.0
3300.0 375.0 3360.0 300.0
5775.0 375.0 5715.0 300.0
3105.0 397.5 2985.0 555.0
5970.0 397.5 6090.0 555.0
3105.0 397.5 3300.0 375.0
5970.0 397.5 5775.0 375.0
2955.0 0.0 3105.0 397.5
6120.0 0.0 5970.0 397.5
3090.0 0.0 3360.0 300.0
5985.0 0.0 5715.0 300.0
4095.0 2167.5 4357.5 2055.0
4980.0 2167.5 4717.5 2055.0
4200.0 2452.5 4455.0 2310.0
4875.0 2452.5 4620.0 2310.0
4200.0 2452.5 4095.0 2167.5
4875.0 2452.5 4980.0 2167.5
4162.5 2535.0 4365.0 2707.5
4912.5 2535.0 4710.0 2707.5
4162.5 2535.0 4200.0 2452.5
4912.5 2535.0 4875.0 2452.5
3990.0 2602.5 3945.0 2692.5
5085.0 2602.5 5130.0 2692.5
3990.0 2602.5 4162.5 2535.0
5085.0 2602.5 4912.5 2535.0
3780.0 2362.5 3990.0 2602.5
5295.0 2362.5 5085.0 2602.5
3855.0 2107.5 3637.5 1995.0
5220.0 2107.5 5437.5 1995.0
3855.0 2107.5 3780.0 2362.5
5220.0 2107.5 5295.0 2362.5
3937.5 2077.5 4027.5 1845.0
5137.5 2077.5 5047.5 1845.0
3937.5 2077.5 4095.0 2167.5
5137.5 2077.5 4980.0 2167.5
3937.5 2077.5 3855.0 2107.5
5137.5 2077.5 5220.0 2107.5
2782.5 1237.5 2820.0 1327.5
6292.5 1237.5 6255.0 1327.5
2610.0 1155.0 2310.0 1327.5
6465.0 1155.0 6765.0 1327.5
2610.0 1155.0 2782.5 1237.5
6465.0 1155.0 6292.5 1237.5
2542.5 937.5 2310.0 892.5
6532.5 937.5 6765.0 892.5
2542.5 937.5 2610.0 1155.0
6532.5 937.5 6465.0 1155.0
2670.0 810.0 2655.0 600.0
6405.0 810.0 6420.0 600.0
2670.0 810.0 2542.5 937.5
6405.0 810.0 6532.5 937.5
2880.0 892.5 3045.0 660.0
6195.0 892.5 6030.0 660.0
2880.0 892.5 2670.0 810.0
6195.0 892.5 6405.0 810.0
2925.0 997.5 3112.5 1027.5
6150.0 997.5 5962.5 1027.5
2925.0 997.5 2782.5 1237.5
6150.0 997.5 6292.5 1237.5
2925.0 997.5 2880.0 892.5
6150.0 997.5 6195.0 892.5
4417.5 112.5 4462.5 67.5
4657.5 112.5 4612.5 67.5
4042.5 750.0 4170.0 975.0
5032.5 750.0 4905.0 975.0
4102.5 45.0 4417.5 112.5
4972.5 45.0 4657.5 112.5
3997.5 180.0 4035.0 337.5
5077.5 180.0 5040.0 337.5
3997.5 180.0 4102.5 45.0
5077.5 180.0 4972.5 45.0
3742.5 127.5 3615.0 300.0
5332.5 127.5 5460.0 300.0
3742.5 127.5 3997.5 180.0
5332.5 127.5 5077.5 180.0
3720.0 0.0 3742.5 127.5
5355.0 0.0 5332.5 127.5
4087.5 0.0 4102.5 45.0
4987.5 0.0 4972.5 45.0
3075.0 1650.0 3007.5 1395.0
6000.0 1650.0 6067.5 1395.0
3210.0 1702.5 3427.5 1492.5
5865.0 1702.5 5647.5 1492.5
3210.0 1702.5 3075.0 1650.0
5865.0 1702.5 6000.0 1650.0
3277.5 1852.5 3585.0 1867.5
5797.5 1852.5 5490.0 1867.5
3277.5 1852.5 3210.0 1702.5
5797.5 1852.5 5865.0 1702.5
2820.0 1822.5 2662.5 1687.5
6255.0 1822.5 6412.5 1687.5
2820.0 1822.5 3075.0 1650.0
6255.0 1822.5 6000.0 1650.0
157.5 1657.5 37.5 1642.5
8917.5 1657.5 9037.5 1642.5
157.5 1657.5 247.5 1837.5
8917.5 1657.5 8827.5 1837.5
322.5 1447.5 157.5 1657.5
8752.5 1447.5 8917.5 1657.5
577.5 1537.5 322.5 1447.5
8497.5 1537.5 8752.5 1447.5
562.5 1800.0 660.0 1927.5
8512.5 1800.0 8415.0 1927.5
562.5 1800.0 247.5 1837.5
8512.5 1800.0 8827.5 1837.5
562.5 1800.0 577.5 1537.5
8512.5 1800.0 8497.5 1537.5
270.0 1335.0 322.5 1447.5
8805.0 1335.0 8752.5 1447.5
60.0 1267.5 0.0 1305.0
9015.0 1267.5 9075.0 1305.0
60.0 1267.5 270.0 1335.0
9015.0 1267.5 8805.0 1335.0
37.5 1020.0 0.0 1005.0
9037.5 1020.0 9075.0 1005.0
37.5 1020.0 60.0 1267.5
9037.5 1020.0 9015.0 1267.5
210.0 922.5 202.5 735.0
8865.0 922.5 8872.5 735.0
210.0 922.5 37.5 1020.0
8865.0 922.5 9037.5 1020.0
435.0 1057.5 532.5 1035.0
8640.0 1057.5 8542.5 1035.0
435.0 1057.5 270.0 1335.0
8640.0 1057.5 8805.0 1335.0
435.0 1057.5 210.0 922.5
8640.0 1057.5 8865.0 922.5
855.0 1912.5 660.0 1927.5
8220.0 1912.5 8415.0 1927.5
1252.5 1725.0 1507.5 1687.5
7822.5 1725.0 7567.5 1687.5
1192.5 712.5 1282.5 465.0
7882.5 712.5 7792.5 465.0
915.0 787.5 652.5 795.0
8160.0 787.5 8422.5 795.0
1005.0 720.0 930.0 450.0
8070.0 720.0 8145.0 450.0
1005.0 720.0 1192.5 712.5
8070.0 720.0 7882.5 712.5
1005.0 720.0 915.0 787.5
8070.0 720.0 8160.0 787.5
952.5 52.5 1072.5 135.0
8122.5 52.5 8002.5 135.0
712.5 105.0 607.5 195.0
8362.5 105.0 8467.5 195.0
712.5 105.0 952.5 52.5
8362.5 105.0 8122.5 52.5
690.0 0.0 712.5 105.0
8385.0 0.0 8362.5 105.0
952.5 0.0 952.5 52.5
8122.5 0.0 8122.5 52.5
2475.0 2107.5 2370.0 2400.0
6600.0 2107.5 6705.0 2400.0
1972.5 1702.5 1860.0 1575.0
7102.5 1702.5 7215.0 1575.0
2227.5 1650.0 2340.0 1425.0
6847.5 1650.0 6735.0 1425.0
2227.5 1650.0 1972.5 1702.5
6847.5 1650.0 7102.5 1702.5
2392.5 1845.0 2662.5 1687.5
6682.5 1845.0 6412.5 1687.5
2392.5 1845.0 2227.5 1650.0
6682.5 1845.0 6847.5 1650.0
2370.0 1987.5 2475.0 2107.5
6705.0 1987.5 6600.0 2107.5
2370.0 1987.5 2392.5 1845.0
6705.0 1987.5 6682.5 1845.0
172.5 2040.0 247.5 1837.5
8902.5 2040.0 8827.5 1837.5
240.0 2152.5 555.0 2190.0
8835.0 2152.5 8520.0 2190.0
240.0 2152.5 172.5 2040.0
8835.0 2152.5 8902.5 2040.0
172.5 2295.0 270.0 2572.5
8902.5 2295.0 8805.0 2572.5
172.5 2295.0 240.0 2152.5
8902.5 2295.0 8835.0 2152.5
0.0 2595.0 187.5 2647.5
9075.0 2595.0 8887.5 2647.5
0.0 2347.5 172.5 2295.0
9075.0 2347.5 8902.5 2295.0
0.0 1695.0 37.5 1642.5
9075.0 1695.0 9037.5 1642.5
0.0 2017.5 172.5 2040.0
9075.0 2017.5 8902.5 2040.0
105.0 4260.0 0.0 4342.5
8970.0 4260.0 9075.0 4342.5
105.0 4260.0 0.0 4170.0
8970.0 4260.0 9075.0 4170.0
105.0 4260.0 255.0 4267.5
8970.0 4260.0 8820.0 4267.5
225.0 4665.0 0.0 4597.5
8850.0 4665.0 9075.0 4597.5
225.0 4665.0 277.5 4747.5
8850.0 4665.0 8797.5 4747.5
277.5 4297.5 255.0 4267.5
8797.5 4297.5 8820.0 4267.5
277.5 4297.5 225.0 4665.0
8797.5 4297.5 8850.0 4665.0
1590.0 1995.0 1507.5 1687.5
7485.0 1995.0 7567.5 1687.5
3607.5 5842.5 3682.5 5925.0
5467.5 5842.5 5392.5 5925.0
3232.5 5805.0 3202.5 5895.0
5842.5 5805.0 5872.5 5895.0
3232.5 5805.0 3607.5 5842.5
5842.5 5805.0 5467.5 5842.5
3637.5 5535.0 3795.0 5430.0
5437.5 5535.0 5280.0 5430.0
3637.5 5535.0 3607.5 5842.5
5437.5 5535.0 5467.5 5842.5
3637.5 5535.0 3382.5 5452.5
5437.5 5535.0 5692.5 5452.5
2707.5 5730.0 2775.0 5895.0
6367.5 5730.0 6300.0 5895.0
3877.5 4350.0 4140.0 4425.0
5197.5 4350.0 4935.0 4425.0
3780.0 4605.0 4080.0 4747.5
5295.0 4605.0 4995.0 4747.5
3780.0 4605.0 3877.5 4350.0
5295.0 4605.0 5197.5 4350.0
2242.5 3870.0 2212.5 3585.0
6832.5 3870.0 6862.5 3585.0
4147.5 5430.0 4297.5 5670.0
4927.5 5430.0 4777.5 5670.0
4020.0 5422.5 3952.5 5460.0
5055.0 5422.5 5122.5 5460.0
4020.0 5422.5 4147.5 5430.0
5055.0 5422.5 4927.5 5430.0
4050.0 5092.5 3975.0 5002.5
5025.0 5092.5 5100.0 5002.5
4050.0 5092.5 4020.0 5422.5
5025.0 5092.5 5055.0 5422.5
4282.5 5085.0 4050.0 5092.5
4792.5 5085.0 5025.0 5092.5
4410.0 5302.5 4500.0 5325.0
4665.0 5302.5 4575.0 5325.0
4410.0 5302.5 4147.5 5430.0
4665.0 5302.5 4927.5 5430.0
4410.0 5302.5 4282.5 5085.0
4665.0 5302.5 4792.5 5085.0
4432.5 4560.0 4500.0 4417.5
4642.5 4560.0 4575.0 4417.5
4500.0 4620.0 4432.5 4560.0
4575.0 4620.0 4642.5 4560.0
4350.0 4935.0 4282.5 5085.0
4725.0 4935.0 4792.5 5085.0
4350.0 4935.0 4500.0 4935.0
4725.0 4935.0 4575.0 4935.0
4215.0 4687.5 4080.0 4747.5
4860.0 4687.5 4995.0 4747.5
4215.0 4687.5 4350.0 4935.0
4860.0 4687.5 4725.0 4935.0
4252.5 4620.0 4140.0 4425.0
4822.5 4620.0 4935.0 4425.0
4252.5 4620.0 4432.5 4560.0
4822.5 4620.0 4642.5 4560.0
4252.5 4620.0 4215.0 4687.5
4822.5 4620.0 4860.0 4687.5
4417.5 735.0 4447.5 877.5
4657.5 735.0 4627.5 877.5
4177.5 615.0 4042.5 750.0
4897.5 615.0 5032.5 750.0
4177.5 615.0 4417.5 735.0
4897.5 615.0 4657.5 735.0
4200.0 442.5 4035.0 337.5
4875.0 442.5 5040.0 337.5
4200.0 442.5 4177.5 615.0
4875.0 442.5 4897.5 615.0
4380.0 345.0 4417.5 112.5
4695.0 345.0 4657.5 112.5
4380.0 345.0 4200.0 442.5
4695.0 345.0 4875.0 442.5
4500.0 615.0 4417.5 735.0
4575.0 615.0 4657.5 735.0
4500.0 442.5 4380.0 345.0
4575.0 442.5 4695.0 345.0
3480.0 645.0 3352.5 630.0
5595.0 645.0 5722.5 630.0
3667.5 420.0 3615.0 300.0
5407.5 420.0 5460.0 300.0
3667.5 420.0 3480.0 645.0
5407.5 420.0 5595.0 645.0
3802.5 495.0 4035.0 337.5
5272.5 495.0 5040.0 337.5
3802.5 495.0 3667.5 420.0
5272.5 495.0 5407.5 420.0
3885.0 742.5 4042.5 750.0
5190.0 742.5 5032.5 750.0
3885.0 742.5 3802.5 495.0
5190.0 742.5 5272.5 495.0
3750.0 870.0 3840.0 1177.5
5325.0 870.0 5235.0 1177.5
3750.0 870.0 3885.0 742.5
5325.0 870.0 5190.0 742.5
3630.0 855.0 3427.5 1012.5
5445.0 855.0 5647.5 1012.5
3630.0 855.0 3480.0 645.0
5445.0 855.0 5595.0 645.0
3630.0 855.0 3750.0 870.0
5445.0 855.0 5325.0 870.0
1642.5 1140.0 1807.5 1140.0
7432.5 1140.0 7267.5 1140.0
1507.5 1350.0 1597.5 1567.5
7567.5 1350.0 7477.5 1567.5
1507.5 1350.0 1642.5 1140.0
7567.5 1350.0 7432.5 1140.0
1365.0 847.5 1192.5 712.5
7710.0 847.5 7882.5 712.5
1500.0 847.5 1635.0 727.5
7575.0 847.5 7440.0 727.5
1500.0 847.5 1642.5 1140.0
7575.0 847.5 7432.5 1140.0
1500.0 847.5 1365.0 847.5
7575.0 847.5 7710.0 847.5
982.5 1110.0 915.0 787.5
8092.5 1110.0 8160.0 787.5
1192.5 1185.0 1365.0 847.5
7882.5 1185.0 7710.0 847.5
1192.5 1185.0 982.5 1110.0
7882.5 1185.0 8092.5 1110.0
1230.0 1267.5 1507.5 1350.0
7845.0 1267.5 7567.5 1350.0
1230.0 1267.5 1192.5 1185.0
7845.0 1267.5 7882.5 1185.0
1072.5 1537.5 1252.5 1725.0
8002.5 1537.5 7822.5 1725.0
1072.5 1537.5 1230.0 1267.5
8002.5 1537.5 7845.0 1267.5
960.0 1552.5 855.0 1912.5
8115.0 1552.5 8220.0 1912.5
960.0 1552.5 1072.5 1537.5
8115.0 1552.5 8002.5 1537.5
735.0 1425.0 577.5 1537.5
8340.0 1425.0 8497.5 1537.5
735.0 1425.0 960.0 1552.5
8340.0 1425.0 8115.0 1552.5
742.5 1267.5 532.5 1035.0
8332.5 1267.5 8542.5 1035.0
742.5 1267.5 982.5 1110.0
8332.5 1267.5 8092.5 1110.0
742.5 1267.5 735.0 1425.0
8332.5 1267.5 8340.0 1425.0
3187.5 2070.0 3277.5 1852.5
5887.5 2070.0 5797.5 1852.5
2737.5 2107.5 2475.0 2107.5
6337.5 2107.5 6600.0 2107.5
2835.0 1972.5 2820.0 1822.5
6240.0 1972.5 6255.0 1822.5
2835.0 1972.5 3187.5 2070.0
6240.0 1972.5 5887.5 2070.0
2835.0 1972.5 2737.5 2107.5
6240.0 1972.5 6337.5 2107.5
1957.5 1852.5 1972.5 1702.5
7117.5 1852.5 7102.5 1702.5
2137.5 2040.0 2370.0 1987.5
6937.5 2040.0 6705.0 1987.5
2137.5 2040.0 1957.5 1852.5
6937.5 2040.0 7117.5 1852.5
1710.0 2047.5 1590.0 1995.0
7365.0 2047.5 7485.0 1995.0
1710.0 2047.5 1957.5 1852.5
7365.0 2047.5 7117.5 1852.5
547.5 5715.0 517.5 5782.5
8527.5 5715.0 8557.5 5782.5
547.5 5715.0 510.0 5422.5
8527.5 5715.0 8565.0 5422.5
225.0 4882.5 277.5 4747.5
8850.0 4882.5 8797.5 4747.5
225.0 4882.5 0.0 5002.5
8850.0 4882.5 9075.0 5002.5
375.0 5145.0 225.0 4882.5
8700.0 5145.0 8850.0 4882.5
345.0 5317.5 510.0 5422.5
8730.0 5317.5 8565.0 5422.5
345.0 5317.5 375.0 5145.0
8730.0 5317.5 8700.0 5145.0
240.0 5370.0 157.5 5617.5
8835.0 5370.0 8917.5 5617.5
240.0 5370.0 0.0 5272.5
8835.0 5370.0 9075.0 5272.5
240.0 5370.0 345.0 5317.5
8835.0 5370.0 8730.0 5317.5
180.0 2782.5 187.5 2647.5
8895.0 2782.5 8887.5 2647.5
180.0 2782.5 0.0 2887.5
8895.0 2782.5 9075.0 2887.5
487.5 3877.5 442.5 3712.5
8587.5 3877.5 8632.5 3712.5
270.0 4050.0 255.0 4267.5
8805.0 4050.0 8820.0 4267.5
270.0 4050.0 487.5 3877.5
8805.0 4050.0 8587.5 3877.5
22.5 3885.0 0.0 3892.5
9052.5 3885.0 9075.0 3892.5
22.5 3885.0 270.0 4050.0
9052.5 3885.0 8805.0 4050.0
1005.0 2002.5 855.0 1912.5
8070.0 2002.5 8220.0 1912.5
1162.5 1957.5 1252.5 1725.0
7912.5 1957.5 7822.5 1725.0
1162.5 1957.5 1005.0 2002.5
7912.5 1957.5 8070.0 2002.5
1372.5 2130.0 1590.0 1995.0
7702.5 2130.0 7485.0 1995.0
1372.5 2130.0 1162.5 1957.5
7702.5 2130.0 7912.5 1957.5
772.5 3540.0 442.5 3712.5
8302.5 3540.0 8632.5 3712.5
1380.0 5850.0 1297.5 5895.0
7695.0 5850.0 7777.5 5895.0
1470.0 5647.5 1380.0 5850.0
7605.0 5647.5 7695.0 5850.0
1777.5 5970.0 1792.5 6000.0
7297.5 5970.0 7282.5 6000.0
1590.0 6000.0 1380.0 5850.0
7485.0 6000.0 7695.0 5850.0
1710.0 6000.0 1777.5 5970.0
7365.0 6000.0 7297.5 5970.0
2002.5 3525.0 2212.5 3585.0
7072.5 3525.0 6862.5 3585.0
2197.5 5932.5 2182.5 6000.0
6877.5 5932.5 6892.5 6000.0
2587.5 5737.5 2707.5 5730.0
6487.5 5737.5 6367.5 5730.0
2430.0 5932.5 2445.0 6000.0
6645.0 5932.5 6630.0 6000.0
2430.0 5932.5 2197.5 5932.5
6645.0 5932.5 6877.5 5932.5
2430.0 5932.5 2587.5 5737.5
6645.0 5932.5 6487.5 5737.5
3630.0 4672.5 3780.0 4605.0
5445.0 4672.5 5295.0 4605.0
3720.0 5025.0 3975.0 5002.5
5355.0 5025.0 5100.0 5002.5
3720.0 5025.0 3630.0 4672.5
5355.0 5025.0 5445.0 4672.5
3660.0 5100.0 3795.0 5430.0
5415.0 5100.0 5280.0 5430.0
3660.0 5100.0 3720.0 5025.0
5415.0 5100.0 5355.0 5025.0
3435.0 5130.0 3382.5 5452.5
5640.0 5130.0 5692.5 5452.5
3435.0 5130.0 3660.0 5100.0
5640.0 5130.0 5415.0 5100.0
2145.0 3960.0 2242.5 3870.0
6930.0 3960.0 6832.5 3870.0
3577.5 3007.5 3637.5 2752.5
5497.5 3007.5 5437.5 2752.5
2407.5 3435.0 2212.5 3585.0
6667.5 3435.0 6862.5 3585.0
2430.0 3255.0 2407.5 3435.0
6645.0 3255.0 6667.5 3435.0
2542.5 3187.5 2430.0 3255.0
6532.5 3187.5 6645.0 3255.0
3502.5 2437.5 3780.0 2362.5
5572.5 2437.5 5295.0 2362.5
3472.5 2557.5 3637.5 2752.5
5602.5 2557.5 5437.5 2752.5
3472.5 2557.5 3502.5 2437.5
5602.5 2557.5 5572.5 2437.5
3225.0 2182.5 3187.5 2070.0
5850.0 2182.5 5887.5 2070.0
3390.0 2250.0 3637.5 1995.0
5685.0 2250.0 5437.5 1995.0
3390.0 2250.0 3502.5 2437.5
5685.0 2250.0 5572.5 2437.5
3390.0 2250.0 3225.0 2182.5
5685.0 2250.0 5850.0 2182.5
1792.5 2250.0 1710.0 2047.5
7282.5 2250.0 7365.0 2047.5
2077.5 2205.0 2137.5 2040.0
6997.5 2205.0 6937.5 2040.0
2077.5 2205.0 1792.5 2250.0
6997.5 2205.0 7282.5 2250.0
2197.5 2392.5 2370.0 2400.0
6877.5 2392.5 6705.0 2400.0
2197.5 2392.5 2077.5 2205.0
6877.5 2392.5 6997.5 2205.0
1312.5 5460.0 1470.0 5647.5
7762.5 5460.0 7605.0 5647.5
1020.0 5602.5 1042.5 5812.5
8055.0 5602.5 8032.5 5812.5
1020.0 5602.5 1312.5 5460.0
8055.0 5602.5 7762.5 5460.0
937.5 5535.0 547.5 5715.0
8137.5 5535.0 8527.5 5715.0
937.5 5535.0 1020.0 5602.5
8137.5 5535.0 8055.0 5602.5
337.5 3615.0 442.5 3712.5
8737.5 3615.0 8632.5 3712.5
157.5 3660.0 22.5 3885.0
8917.5 3660.0 9052.5 3885.0
157.5 3660.0 337.5 3615.0
8917.5 3660.0 8737.5 3615.0
0.0 3517.5 157.5 3660.0
9075.0 3517.5 8917.5 3660.0
142.5 3202.5 0.0 3075.0
8932.5 3202.5 9075.0 3075.0
142.5 3202.5 0.0 3352.5
8932.5 3202.5 9075.0 3352.5
1357.5 2227.5 1372.5 2130.0
7717.5 2227.5 7702.5 2130.0
967.5 2325.0 1005.0 2002.5
8107.5 2325.0 8070.0 2002.5
1072.5 2400.0 1357.5 2227.5
8002.5 2400.0 7717.5 2227.5
1072.5 2400.0 967.5 2325.0
8002.5 2400.0 8107.5 2325.0
1110.0 2527.5 1072.5 2400.0
7965.0 2527.5 8002.5 2400.0
585.0 2557.5 270.0 2572.5
8490.0 2557.5 8805.0 2572.5
645.0 2377.5 555.0 2190.0
8430.0 2377.5 8520.0 2190.0
645.0 2377.5 967.5 2325.0
8430.0 2377.5 8107.5 2325.0
645.0 2377.5 585.0 2557.5
8430.0 2377.5 8490.0 2557.5
667.5 3322.5 772.5 3540.0
8407.5 3322.5 8302.5 3540.0
375.0 3307.5 337.5 3615.0
8700.0 3307.5 8737.5 3615.0
375.0 3307.5 667.5 3322.5
8700.0 3307.5 8407.5 3322.5
292.5 3195.0 142.5 3202.5
8782.5 3195.0 8932.5 3202.5
292.5 3195.0 375.0 3307.5
8782.5 3195.0 8700.0 3307.5
360.0 3015.0 180.0 2782.5
8715.0 3015.0 8895.0 2782.5
360.0 3015.0 292.5 3195.0
8715.0 3015.0 8782.5 3195.0
2190.0 3105.0 2430.0 3255.0
6885.0 3105.0 6645.0 3255.0
2190.0 3105.0 2137.5 2857.5
6885.0 3105.0 6937.5 2857.5
1927.5 3277.5 2002.5 3525.0
7147.5 3277.5 7072.5 3525.0
1927.5 3277.5 2190.0 3105.0
7147.5 3277.5 6885.0 3105.0
667.5 3997.5 487.5 3877.5
8407.5 3997.5 8587.5 3877.5
480.0 4725.0 277.5 4747.5
8595.0 4725.0 8797.5 4747.5
1807.5 3232.5 1927.5 3277.5
7267.5 3232.5 7147.5 3277.5
1807.5 3232.5 1710.0 3075.0
7267.5 3232.5 7365.0 3075.0
1380.0 3202.5 1087.5 3270.0
7695.0 3202.5 7987.5 3270.0
1477.5 3030.0 1410.0 2895.0
7597.5 3030.0 7665.0 2895.0
1477.5 3030.0 1710.0 3075.0
7597.5 3030.0 7365.0 3075.0
1477.5 3030.0 1380.0 3202.5
7597.5 3030.0 7695.0 3202.5
2077.5 5775.0 2197.5 5932.5
6997.5 5775.0 6877.5 5932.5
1807.5 5887.5 1777.5 5970.0
7267.5 5887.5 7297.5 5970.0
1807.5 5887.5 2077.5 5775.0
7267.5 5887.5 6997.5 5775.0
1650.0 5640.0 1470.0 5647.5
7425.0 5640.0 7605.0 5647.5
1650.0 5640.0 1807.5 5887.5
7425.0 5640.0 7267.5 5887.5
2782.5 4327.5 2580.0 4192.5
6292.5 4327.5 6495.0 4192.5
3195.0 5550.0 3382.5 5452.5
5880.0 5550.0 5692.5 5452.5
3157.5 5632.5 3232.5 5805.0
5917.5 5632.5 5842.5 5805.0
3157.5 5632.5 3195.0 5550.0
5917.5 5632.5 5880.0 5550.0
2790.0 5647.5 2707.5 5730.0
6285.0 5647.5 6367.5 5730.0
2790.0 5647.5 3157.5 5632.5
6285.0 5647.5 5917.5 5632.5
3330.0 5062.5 3435.0 5130.0
5745.0 5062.5 5640.0 5130.0
2130.0 4147.5 2145.0 3960.0
6945.0 4147.5 6930.0 3960.0
2340.0 4342.5 2580.0 4192.5
6735.0 4342.5 6495.0 4192.5
2340.0 4342.5 2130.0 4147.5
6735.0 4342.5 6945.0 4147.5
2310.0 4575.0 2377.5 4657.5
6765.0 4575.0 6697.5 4657.5
2310.0 4575.0 2340.0 4342.5
6765.0 4575.0 6735.0 4342.5
2827.5 3277.5 2542.5 3187.5
6247.5 3277.5 6532.5 3187.5
2827.5 3277.5 2910.0 3420.0
6247.5 3277.5 6165.0 3420.0
3022.5 3420.0 2910.0 3420.0
6052.5 3420.0 6165.0 3420.0
3232.5 3255.0 3022.5 3420.0
5842.5 3255.0 6052.5 3420.0
3907.5 3285.0 4080.0 3255.0
5167.5 3285.0 4995.0 3255.0
3435.0 3330.0 3232.5 3255.0
5640.0 3330.0 5842.5 3255.0
3600.0 3060.0 3577.5 3007.5
5475.0 3060.0 5497.5 3007.5
3600.0 3060.0 3435.0 3330.0
5475.0 3060.0 5640.0 3330.0
3780.0 3105.0 3990.0 2880.0
5295.0 3105.0 5085.0 2880.0
3780.0 3105.0 3907.5 3285.0
5295.0 3105.0 5167.5 3285.0
3780.0 3105.0 3600.0 3060.0
5295.0 3105.0 5475.0 3060.0
2977.5 4102.5 2782.5 4327.5
6097.5 4102.5 6292.5 4327.5
2977.5 4102.5 3210.0 4177.5
6097.5 4102.5 5865.0 4177.5
2895.0 3892.5 2977.5 4102.5
6180.0 3892.5 6097.5 4102.5
2895.0 3892.5 2940.0 3817.5
6180.0 3892.5 6135.0 3817.5
2587.5 3975.0 2580.0 4192.5
6487.5 3975.0 6495.0 4192.5
2587.5 3975.0 2895.0 3892.5
6487.5 3975.0 6180.0 3892.5
2535.0 3915.0 2242.5 3870.0
6540.0 3915.0 6832.5 3870.0
2535.0 3915.0 2587.5 3975.0
6540.0 3915.0 6487.5 3975.0
2587.5 3607.5 2407.5 3435.0
6487.5 3607.5 6667.5 3435.0
2587.5 3607.5 2535.0 3915.0
6487.5 3607.5 6540.0 3915.0
2827.5 3577.5 2910.0 3420.0
6247.5 3577.5 6165.0 3420.0
2827.5 3577.5 2940.0 3817.5
6247.5 3577.5 6135.0 3817.5
2827.5 3577.5 2587.5 3607.5
6247.5 3577.5 6487.5 3607.5
3247.5 2670.0 3472.5 2557.5
5827.5 2670.0 5602.5 2557.5
3225.0 2895.0 3577.5 3007.5
5850.0 2895.0 5497.5 3007.5
3225.0 2895.0 3247.5 2670.0
5850.0 2895.0 5827.5 2670.0
3120.0 3000.0 3232.5 3255.0
5955.0 3000.0 5842.5 3255.0
3120.0 3000.0 3225.0 2895.0
5955.0 3000.0 5850.0 2895.0
3015.0 3000.0 2827.5 3277.5
6060.0 3000.0 6247.5 3277.5
3015.0 3000.0 3120.0 3000.0
6060.0 3000.0 5955.0 3000.0
2032.5 2580.0 2197.5 2392.5
7042.5 2580.0 6877.5 2392.5
2077.5 2812.5 2137.5 2857.5
6997.5 2812.5 6937.5 2857.5
2077.5 2812.5 2032.5 2580.0
6997.5 2812.5 7042.5 2580.0
1852.5 2880.0 1710.0 3075.0
7222.5 2880.0 7365.0 3075.0
1852.5 2880.0 2077.5 2812.5
7222.5 2880.0 6997.5 2812.5
1342.5 5302.5 1312.5 5460.0
7732.5 5302.5 7762.5 5460.0
652.5 5062.5 375.0 5145.0
8422.5 5062.5 8700.0 5145.0
705.0 4965.0 480.0 4725.0
8370.0 4965.0 8595.0 4725.0
705.0 4965.0 652.5 5062.5
8370.0 4965.0 8422.5 5062.5
862.5 5362.5 937.5 5535.0
8212.5 5362.5 8137.5 5535.0
742.5 5317.5 510.0 5422.5
8332.5 5317.5 8565.0 5422.5
742.5 5317.5 652.5 5062.5
8332.5 5317.5 8422.5 5062.5
742.5 5317.5 862.5 5362.5
8332.5 5317.5 8212.5 5362.5
952.5 2797.5 1110.0 2527.5
8122.5 2797.5 7965.0 2527.5
997.5 2917.5 1410.0 2895.0
8077.5 2917.5 7665.0 2895.0
997.5 2917.5 952.5 2797.5
8077.5 2917.5 8122.5 2797.5
945.0 3075.0 1087.5 3270.0
8130.0 3075.0 7987.5 3270.0
945.0 3075.0 997.5 2917.5
8130.0 3075.0 8077.5 2917.5
795.0 3127.5 667.5 3322.5
8280.0 3127.5 8407.5 3322.5
795.0 3127.5 945.0 3075.0
8280.0 3127.5 8130.0 3075.0
517.5 2932.5 360.0 3015.0
8557.5 2932.5 8715.0 3015.0
517.5 2932.5 795.0 3127.5
8557.5 2932.5 8280.0 3127.5
622.5 2655.0 585.0 2557.5
8452.5 2655.0 8490.0 2557.5
622.5 2655.0 952.5 2797.5
8452.5 2655.0 8122.5 2797.5
622.5 2655.0 517.5 2932.5
8452.5 2655.0 8557.5 2932.5
922.5 3832.5 667.5 3997.5
8152.5 3832.5 8407.5 3997.5
930.0 3600.0 772.5 3540.0
8145.0 3600.0 8302.5 3540.0
930.0 3600.0 922.5 3832.5
8145.0 3600.0 8152.5 3832.5
1057.5 3517.5 1087.5 3270.0
8017.5 3517.5 7987.5 3270.0
1057.5 3517.5 930.0 3600.0
8017.5 3517.5 8145.0 3600.0
660.0 4537.5 480.0 4725.0
8415.0 4537.5 8595.0 4725.0
660.0 4537.5 900.0 4582.5
8415.0 4537.5 8175.0 4582.5
585.0 4305.0 277.5 4297.5
8490.0 4305.0 8797.5 4297.5
585.0 4305.0 660.0 4537.5
8490.0 4305.0 8415.0 4537.5
682.5 4162.5 667.5 3997.5
8392.5 4162.5 8407.5 3997.5
682.5 4162.5 585.0 4305.0
8392.5 4162.5 8490.0 4305.0
2362.5 4882.5 2377.5 4657.5
6712.5 4882.5 6697.5 4657.5
2752.5 5302.5 2790.0 5647.5
6322.5 5302.5 6285.0 5647.5
2617.5 5205.0 2752.5 5302.5
6457.5 5205.0 6322.5 5302.5
2610.0 5077.5 2362.5 4882.5
6465.0 5077.5 6712.5 4882.5
2610.0 5077.5 2617.5 5205.0
6465.0 5077.5 6457.5 5205.0
3082.5 5107.5 3330.0 5062.5
5992.5 5107.5 5745.0 5062.5
3037.5 5205.0 3195.0 5550.0
6037.5 5205.0 5880.0 5550.0
3037.5 5205.0 2752.5 5302.5
6037.5 5205.0 6322.5 5302.5
3037.5 5205.0 3082.5 5107.5
6037.5 5205.0 5992.5 5107.5
3540.0 4642.5 3630.0 4672.5
5535.0 4642.5 5445.0 4672.5
3540.0 4642.5 3472.5 4447.5
5535.0 4642.5 5602.5 4447.5
3360.0 4740.0 3330.0 5062.5
5715.0 4740.0 5745.0 5062.5
3360.0 4740.0 3540.0 4642.5
5715.0 4740.0 5535.0 4642.5
3210.0 4335.0 3210.0 4177.5
5865.0 4335.0 5865.0 4177.5
3210.0 4335.0 3472.5 4447.5
5865.0 4335.0 5602.5 4447.5
3052.5 4522.5 3210.0 4335.0
6022.5 4522.5 5865.0 4335.0
3112.5 4657.5 3360.0 4740.0
5962.5 4657.5 5715.0 4740.0
3112.5 4657.5 3052.5 4522.5
5962.5 4657.5 6022.5 4522.5
2970.0 4920.0 3082.5 5107.5
6105.0 4920.0 5992.5 5107.5
2970.0 4920.0 3112.5 4657.5
6105.0 4920.0 5962.5 4657.5
2797.5 4890.0 2610.0 5077.5
6277.5 4890.0 6465.0 5077.5
2797.5 4890.0 2970.0 4920.0
6277.5 4890.0 6105.0 4920.0
2677.5 4642.5 2377.5 4657.5
6397.5 4642.5 6697.5 4657.5
2677.5 4642.5 2797.5 4890.0
6397.5 4642.5 6277.5 4890.0
2827.5 4462.5 2782.5 4327.5
6247.5 4462.5 6292.5 4327.5
2827.5 4462.5 3052.5 4522.5
6247.5 4462.5 6022.5 4522.5
2827.5 4462.5 2677.5 4642.5
6247.5 4462.5 6397.5 4642.5
3480.0 3472.5 3435.0 3330.0
5595.0 3472.5 5640.0 3330.0
3795.0 3517.5 3907.5 3285.0
5280.0 3517.5 5167.5 3285.0
3795.0 3517.5 3480.0 3472.5
5280.0 3517.5 5595.0 3472.5
3840.0 3592.5 4170.0 3675.0
5235.0 3592.5 4905.0 3675.0
3840.0 3592.5 3795.0 3517.5
5235.0 3592.5 5280.0 3517.5
3412.5 3600.0 3480.0 3472.5
5662.5 3600.0 5595.0 3472.5
3315.0 4057.5 3210.0 4177.5
5760.0 4057.5 5865.0 4177.5
3202.5 3765.0 2940.0 3817.5
5872.5 3765.0 6135.0 3817.5
3202.5 3765.0 3315.0 4057.5
5872.5 3765.0 5760.0 4057.5
3247.5 3690.0 3022.5 3420.0
5827.5 3690.0 6052.5 3420.0
3247.5 3690.0 3412.5 3600.0
5827.5 3690.0 5662.5 3600.0
3247.5 3690.0 3202.5 3765.0
5827.5 3690.0 5872.5 3765.0
2377.5 2752.5 2137.5 2857.5
6697.5 2752.5 6937.5 2857.5
2467.5 2512.5 2370.0 2400.0
6607.5 2512.5 6705.0 2400.0
2467.5 2512.5 2377.5 2752.5
6607.5 2512.5 6697.5 2752.5
2790.0 2827.5 3015.0 3000.0
6285.0 2827.5 6060.0 3000.0
2617.5 2932.5 2542.5 3187.5
6457.5 2932.5 6532.5 3187.5
2617.5 2932.5 2377.5 2752.5
6457.5 2932.5 6697.5 2752.5
2617.5 2932.5 2790.0 2827.5
6457.5 2932.5 6285.0 2827.5
1470.0 2370.0 1357.5 2227.5
7605.0 2370.0 7717.5 2227.5
1755.0 2347.5 1792.5 2250.0
7320.0 2347.5 7282.5 2250.0
1755.0 2347.5 1470.0 2370.0
7320.0 2347.5 7605.0 2370.0
1800.0 2475.0 2032.5 2580.0
7275.0 2475.0 7042.5 2580.0
1800.0 2475.0 1755.0 2347.5
7275.0 2475.0 7320.0 2347.5
1657.5 2662.5 1852.5 2880.0
7417.5 2662.5 7222.5 2880.0
1657.5 2662.5 1800.0 2475.0
7417.5 2662.5 7275.0 2475.0
1447.5 2715.0 1410.0 2895.0
7627.5 2715.0 7665.0 2895.0
1447.5 2715.0 1657.5 2662.5
7627.5 2715.0 7417.5 2662.5
1402.5 2640.0 1110.0 2527.5
7672.5 2640.0 7965.0 2527.5
1402.5 2640.0 1470.0 2370.0
7672.5 2640.0 7605.0 2370.0
1402.5 2640.0 1447.5 2715.0
7672.5 2640.0 7627.5 2715.0
1395.0 4920.0 1297.5 4755.0
7680.0 4920.0 7777.5 4755.0
1260.0 5167.5 1342.5 5302.5
7815.0 5167.5 7732.5 5302.5
1260.0 5167.5 1395.0 4920.0
7815.0 5167.5 7680.0 4920.0
1050.0 5122.5 862.5 5362.5
8025.0 5122.5 8212.5 5362.5
1050.0 5122.5 1260.0 5167.5
8025.0 5122.5 7815.0 5167.5
922.5 4912.5 705.0 4965.0
8152.5 4912.5 8370.0 4965.0
922.5 4912.5 1050.0 5122.5
8152.5 4912.5 8025.0 5122.5
967.5 4800.0 900.0 4582.5
8107.5 4800.0 8175.0 4582.5
967.5 4800.0 1297.5 4755.0
8107.5 4800.0 7777.5 4755.0
967.5 4800.0 922.5 4912.5
8107.5 4800.0 8152.5 4912.5
1822.5 3682.5 2002.5 3525.0
7252.5 3682.5 7072.5 3525.0
1800.0 3817.5 2145.0 3960.0
7275.0 3817.5 6930.0 3960.0
1800.0 3817.5 1822.5 3682.5
7275.0 3817.5 7252.5 3682.5
1732.5 3877.5 1800.0 3817.5
7342.5 3877.5 7275.0 3817.5
1395.0 3802.5 1732.5 3877.5
7680.0 3802.5 7342.5 3877.5
1357.5 3630.0 1057.5 3517.5
7717.5 3630.0 8017.5 3517.5
1357.5 3630.0 1395.0 3802.5
7717.5 3630.0 7680.0 3802.5
1492.5 3472.5 1380.0 3202.5
7582.5 3472.5 7695.0 3202.5
1492.5 3472.5 1357.5 3630.0
7582.5 3472.5 7717.5 3630.0
1590.0 3472.5 1807.5 3232.5
7485.0 3472.5 7267.5 3232.5
1590.0 3472.5 1822.5 3682.5
7485.0 3472.5 7252.5 3682.5
1590.0 3472.5 1492.5 3472.5
7485.0 3472.5 7582.5 3472.5
1717.5 4117.5 1732.5 3877.5
7357.5 4117.5 7342.5 3877.5
1920.0 4252.5 2130.0 4147.5
7155.0 4252.5 6945.0 4147.5
1920.0 4252.5 1717.5 4117.5
7155.0 4252.5 7357.5 4117.5
1800.0 5415.0 1650.0 5640.0
7275.0 5415.0 7425.0 5640.0
1687.5 5250.0 1342.5 5302.5
7387.5 5250.0 7732.5 5302.5
1687.5 5250.0 1800.0 5415.0
7387.5 5250.0 7275.0 5415.0
2130.0 5062.5 2362.5 4882.5
6945.0 5062.5 6712.5 4882.5
2122.5 5610.0 2077.5 5775.0
6952.5 5610.0 6997.5 5775.0
1965.0 5437.5 1800.0 5415.0
7110.0 5437.5 7275.0 5415.0
1965.0 5437.5 2122.5 5610.0
7110.0 5437.5 6952.5 5610.0
2145.0 5137.5 2130.0 5062.5
6930.0 5137.5 6945.0 5062.5
2145.0 5137.5 1965.0 5437.5
6930.0 5137.5 7110.0 5437.5
2407.5 5332.5 2617.5 5205.0
6667.5 5332.5 6457.5 5205.0
2407.5 5332.5 2145.0 5137.5
6667.5 5332.5 6930.0 5137.5
2362.5 5542.5 2587.5 5737.5
6712.5 5542.5 6487.5 5737.5
2362.5 5542.5 2122.5 5610.0
6712.5 5542.5 6952.5 5610.0
2362.5 5542.5 2407.5 5332.5
6712.5 5542.5 6667.5 5332.5
3855.0 4072.5 4147.5 3997.5
5220.0 4072.5 4927.5 3997.5
3810.0 4147.5 3877.5 4350.0
5265.0 4147.5 5197.5 4350.0
3810.0 4147.5 3855.0 4072.5
5265.0 4147.5 5220.0 4072.5
3615.0 4177.5 3472.5 4447.5
5460.0 4177.5 5602.5 4447.5
3615.0 4177.5 3810.0 4147.5
5460.0 4177.5 5265.0 4147.5
3405.0 4057.5 3315.0 4057.5
5670.0 4057.5 5760.0 4057.5
3405.0 4057.5 3615.0 4177.5
5670.0 4057.5 5460.0 4177.5
3555.0 3817.5 3412.5 3600.0
5520.0 3817.5 5662.5 3600.0
3555.0 3817.5 3405.0 4057.5
5520.0 3817.5 5670.0 4057.5
3757.5 3855.0 3840.0 3592.5
5317.5 3855.0 5235.0 3592.5
3757.5 3855.0 3855.0 4072.5
5317.5 3855.0 5220.0 4072.5
3757.5 3855.0 3555.0 3817.5
5317.5 3855.0 5520.0 3817.5
2812.5 2692.5 2790.0 2827.5
6262.5 2692.5 6285.0 2827.5
2677.5 2512.5 2467.5 2512.5
6397.5 2512.5 6607.5 2512.5
2677.5 2512.5 2812.5 2692.5
6397.5 2512.5 6262.5 2692.5
2797.5 2287.5 2737.5 2107.5
6277.5 2287.5 6337.5 2107.5
2797.5 2287.5 2677.5 2512.5
6277.5 2287.5 6397.5 2512.5
3067.5 2355.0 3225.0 2182.5
6007.5 2355.0 5850.0 2182.5
3067.5 2355.0 2797.5 2287.5
6007.5 2355.0 6277.5 2287.5
3090.0 2565.0 3247.5 2670.0
5985.0 2565.0 5827.5 2670.0
3090.0 2565.0 2812.5 2692.5
5985.0 2565.0 6262.5 2692.5
3090.0 2565.0 3067.5 2355.0
5985.0 2565.0 6007.5 2355.0
1897.5 4432.5 1920.0 4252.5
7177.5 4432.5 7155.0 4252.5
1897.5 4432.5 1642.5 4545.0
7177.5 4432.5 7432.5 4545.0
2077.5 4605.0 2310.0 4575.0
6997.5 4605.0 6765.0 4575.0
2077.5 4605.0 1897.5 4432.5
6997.5 4605.0 7177.5 4432.5
1027.5 4417.5 900.0 4582.5
8047.5 4417.5 8175.0 4582.5
1005.0 4275.0 682.5 4162.5
8070.0 4275.0 8392.5 4162.5
1005.0 4275.0 1027.5 4417.5
8070.0 4275.0 8047.5 4417.5
1170.0 4027.5 922.5 3832.5
7905.0 4027.5 8152.5 3832.5
1170.0 4027.5 1005.0 4275.0
7905.0 4027.5 8070.0 4275.0
1252.5 4020.0 1395.0 3802.5
7822.5 4020.0 7680.0 3802.5
1252.5 4020.0 1170.0 4027.5
7822.5 4020.0 7905.0 4027.5
1477.5 4260.0 1717.5 4117.5
7597.5 4260.0 7357.5 4117.5
1477.5 4260.0 1252.5 4020.0
7597.5 4260.0 7822.5 4020.0
1462.5 4447.5 1642.5 4545.0
7612.5 4447.5 7432.5 4545.0
1462.5 4447.5 1477.5 4260.0
7612.5 4447.5 7597.5 4260.0
1372.5 4507.5 1297.5 4755.0
7702.5 4507.5 7777.5 4755.0
1372.5 4507.5 1027.5 4417.5
7702.5 4507.5 8047.5 4417.5
1372.5 4507.5 1462.5 4447.5
7702.5 4507.5 7612.5 4447.5
1717.5 5107.5 1687.5 5250.0
7357.5 5107.5 7387.5 5250.0
1552.5 4920.0 1395.0 4920.0
7522.5 4920.0 7680.0 4920.0
1552.5 4920.0 1717.5 5107.5
7522.5 4920.0 7357.5 5107.5
1695.0 4710.0 1642.5 4545.0
7380.0 4710.0 7432.5 4545.0
1695.0 4710.0 1552.5 4920.0
7380.0 4710.0 7522.5 4920.0
1935.0 4815.0 2077.5 4605.0
7140.0 4815.0 6997.5 4605.0
1935.0 4815.0 1695.0 4710.0
7140.0 4815.0 7380.0 4710.0
1965.0 4965.0 2130.0 5062.5
7110.0 4965.0 6945.0 5062.5
1965.0 4965.0 1717.5 5107.5
7110.0 4965.0 7357.5 5107.5
1965.0 4965.0 1935.0 4815.0
7110.0 4965.0 7140.0 4815.0
