203 737 0 705
322 562 203 737
590 696 322 562
1248 0 1237 68
4409 1282 4500 1165
4500 1346 4409 1282
4315 1674 4236 1787
4315 1674 4500 1700
4446 875 4500 911
4172 972 4446 875
3218 727 3046 657
3244 914 3218 727
3113 1026 3244 914
3351 632 3218 727
3477 264 3432 0
4145 1104 4172 972
4311 1309 4409 1282
4311 1309 4145 1104
4243 1452 4315 1674
4243 1452 4311 1309
4024 1846 4236 1787
3171 1288 3113 1026
3171 1288 3005 1394
3365 1310 3171 1288
3838 1174 4145 1104
3806 1236 3838 1174
3450 1198 3365 1310
3450 1198 3806 1236
3431 1011 3244 914
3431 1011 3450 1198
265 366 322 562
477 198 265 366
477 198 397 0
0 5931 176 6000
697 5983 692 6000
4448 3093 4500 3080
4416 3359 4500 3412
4416 3359 4448 3093
4236 3419 4173 3674
4236 3419 4416 3359
2868 5985 2871 6000
2773 5894 2868 5985
4247 3802 4173 3674
4247 3802 4145 3996
4385 3797 4500 3708
4385 3797 4500 3923
4385 3797 4247 3802
1966 1332 2225 1257
2200 963 2312 894
2200 963 2225 1257
2510 518 2653 597
2353 547 2312 894
2353 547 2510 518
2164 441 2353 547
1723 200 1786 0
1406 409 1286 464
1337 105 1237 68
1337 105 1406 409
1485 77 1500 0
1485 77 1723 200
1485 77 1337 105
2591 101 2510 518
2591 101 2701 0
2341 158 2164 441
2341 158 2155 0
2341 158 2591 101
2987 555 3046 657
2843 508 2653 597
2843 508 2786 0
2843 508 2987 555
4356 2053 4236 1787
4450 2094 4500 2066
4450 2094 4356 2053
4452 2310 4500 2341
4452 2310 4450 2094
4464 67 4500 69
4464 67 4456 0
2821 1330 3005 1394
2644 1561 2662 1685
2644 1561 2821 1330
2340 1423 2644 1561
2312 1327 2225 1257
2312 1327 2340 1423
3612 299 3477 264
3584 1870 3636 1997
3428 1495 3365 1310
3945 1747 4024 1846
3653 1696 3584 1870
3653 1696 3945 1747
3624 1583 3428 1495
3624 1583 3653 1696
3822 1366 3806 1236
3822 1366 3624 1583
3991 1475 4243 1452
3991 1475 3945 1747
3991 1475 3822 1366
60 144 93 0
168 335 265 366
168 335 60 144
0 420 168 335
0 136 60 144
40 1645 0 1601
650 797 590 696
650 797 533 1032
1074 133 1237 68
1071 275 1286 464
1071 275 1074 133
930 448 1071 275
726 394 590 696
726 394 930 448
611 197 477 198
611 197 726 394
1857 1574 1966 1332
1595 1564 1857 1574
1595 1564 1506 1686
267 2575 189 2650
552 2190 658 1931
1301 6000 1300 5892
936 5942 697 5983
936 5942 966 6000
1039 5815 1300 5892
1039 5815 936 5942
158 5619 0 5626
520 5783 697 5983
319 5819 196 6000
319 5819 158 5619
319 5819 520 5783
4292 2999 4448 3093
4367 2707 4500 2689
4367 2707 4292 2999
3989 2879 3945 2691
4194 3025 4292 2999
4194 3025 3989 2879
4082 3258 4236 3419
4082 3258 4194 3025
2712 6000 2773 5894
3624 6000 3679 5923
3203 5898 2868 5985
3203 5898 3216 6000
4248 4157 4145 3996
4248 4157 4140 4422
4500 4255 4248 4157
4079 4746 3975 5000
4339 5958 4500 5903
4328 6000 4339 5958
3875 5963 3679 5923
3875 5963 3891 6000
4294 5668 4500 5633
4212 5813 4339 5958
4212 5813 4294 5668
3989 5823 3875 5963
3989 5823 4212 5813
3952 5461 3793 5431
3952 5461 3989 5823
3638 2756 3945 2691
1999 879 2200 963
1811 1137 1966 1332
1811 1137 1999 879
1603 441 1406 409
1749 272 1723 200
1749 272 1603 441
1967 333 2113 0
1967 333 1749 272
2084 443 2164 441
2084 443 1967 333
1937 768 1999 879
1937 768 2084 443
1633 724 1603 441
1633 724 1937 768
3361 298 3477 264
3303 377 3351 632
3303 377 3361 298
3106 395 2987 555
3106 395 3303 377
2957 0 3106 395
3090 0 3361 298
4094 2170 4356 2053
4198 2450 4452 2310
4198 2450 4094 2170
4165 2537 4367 2707
4165 2537 4198 2450
3990 2606 3945 2691
3990 2606 4165 2537
3777 2360 3990 2606
3853 2111 3636 1997
3853 2111 3777 2360
3935 2080 4024 1846
3935 2080 4094 2170
3935 2080 3853 2111
2783 1238 2821 1330
2609 1153 2312 1327
2609 1153 2783 1238
2544 936 2312 894
2544 936 2609 1153
2669 811 2653 597
2669 811 2544 936
2877 892 3046 657
2877 892 2669 811
2923 1001 3113 1026
2923 1001 2783 1238
2923 1001 2877 892
4417 109 4464 67
4041 753 4172 972
4103 44 4417 109
3999 180 4032 340
3999 180 4103 44
3743 127 3612 299
3743 127 3999 180
3720 0 3743 127
4090 0 4103 44
3077 1648 3005 1394
3209 1702 3428 1495
3209 1702 3077 1648
3276 1855 3584 1870
3276 1855 3209 1702
2821 1820 2662 1685
2821 1820 3077 1648
160 1659 40 1645
160 1659 250 1837
320 1451 160 1659
581 1535 320 1451
564 1800 658 1931
564 1800 250 1837
564 1800 581 1535
272 1335 320 1451
57 1269 0 1306
57 1269 272 1335
34 1020 0 1006
34 1020 57 1269
211 926 203 737
211 926 34 1020
433 1055 533 1032
433 1055 272 1335
433 1055 211 926
852 1914 658 1931
1254 1722 1506 1686
1196 716 1286 464
917 790 650 797
1003 719 930 448
1003 719 1196 716
1003 719 917 790
954 56 1074 133
711 105 611 197
711 105 954 56
688 0 711 105
953 0 954 56
2473 2105 2367 2398
1972 1701 1857 1574
2228 1650 2340 1423
2228 1650 1972 1701
2391 1846 2662 1685
2391 1846 2228 1650
2372 1988 2473 2105
2372 1988 2391 1846
174 2040 250 1837
240 2151 552 2190
240 2151 174 2040
175 2293 267 2575
175 2293 240 2151
0 2593 189 2650
0 2345 175 2293
0 1697 40 1645
0 2018 174 2040
103 4260 0 4341
103 4260 0 4168
103 4260 252 4267
222 4662 0 4594
222 4662 274 4748
276 4298 252 4267
276 4298 222 4662
1592 1997 1506 1686
3611 5839 3679 5923
3229 5808 3203 5898
3229 5808 3611 5839
3635 5537 3793 5431
3635 5537 3611 5839
3635 5537 3385 5454
2704 5730 2773 5894
3875 4347 4140 4422
3781 4602 4079 4746
3781 4602 3875 4347
2241 3873 2213 3587
4145 5433 4294 5668
4023 5421 3952 5461
4023 5421 4145 5433
4051 5092 3975 5000
4051 5092 4023 5421
4283 5086 4051 5092
4410 5303 4500 5323
4410 5303 4145 5433
4410 5303 4283 5086
4429 4559 4500 4415
4500 4617 4429 4559
4349 4932 4283 5086
4349 4932 4500 4938
4214 4690 4079 4746
4214 4690 4349 4932
4256 4620 4140 4422
4256 4620 4429 4559
4256 4620 4214 4690
4414 733 4446 875
4181 616 4041 753
4181 616 4414 733
4202 444 4032 340
4202 444 4181 616
4381 347 4417 109
4381 347 4202 444
4500 618 4414 733
4500 441 4381 347
3480 646 3351 632
3664 420 3612 299
3664 420 3480 646
3803 495 4032 340
3803 495 3664 420
3883 743 4041 753
3883 743 3803 495
3751 867 3838 1174
3751 867 3883 743
3629 854 3431 1011
3629 854 3480 646
3629 854 3751 867
1642 1137 1811 1137
1510 1348 1595 1564
1510 1348 1642 1137
1363 851 1196 716
1502 849 1633 724
1502 849 1642 1137
1502 849 1363 851
984 1108 917 790
1193 1183 1363 851
1193 1183 984 1108
1233 1269 1510 1348
1233 1269 1193 1183
1072 1539 1254 1722
1072 1539 1233 1269
962 1549 852 1914
962 1549 1072 1539
737 1425 581 1535
737 1425 962 1549
741 1268 533 1032
741 1268 984 1108
741 1268 737 1425
3184 2067 3276 1855
2734 2110 2473 2105
2833 1969 2821 1820
2833 1969 3184 2067
2833 1969 2734 2110
1959 1855 1972 1701
2135 2040 2372 1988
2135 2040 1959 1855
1711 2048 1592 1997
1711 2048 1959 1855
546 5718 520 5783
546 5718 507 5421
223 4884 274 4748
223 4884 0 4999
372 5144 223 4884
347 5315 507 5421
347 5315 372 5144
241 5367 158 5619
241 5367 0 5269
241 5367 347 5315
181 2785 189 2650
181 2785 0 2889
487 3881 446 3713
270 4047 252 4267
270 4047 487 3881
25 3883 0 3891
25 3883 270 4047
1002 2006 852 1914
1159 1956 1254 1722
1159 1956 1002 2006
1370 2132 1592 1997
1370 2132 1159 1956
773 3537 446 3713
1381 5849 1300 5892
1473 5647 1381 5849
1774 5972 1794 6000
1593 6000 1381 5849
1708 6000 1774 5972
2003 3525 2213 3587
2199 5936 2179 6000
2586 5736 2704 5730
2429 5935 2448 6000
2429 5935 2199 5936
2429 5935 2586 5736
3633 4670 3781 4602
3719 5024 3975 5000
3719 5024 3633 4670
3662 5102 3793 5431
3662 5102 3719 5024
3436 5132 3385 5454
3436 5132 3662 5102
2146 3962 2241 3873
3575 3006 3638 2756
2410 3433 2213 3587
2432 3254 2410 3433
2544 3187 2432 3254
3503 2441 3777 2360
3469 2560 3638 2756
3469 2560 3503 2441
3225 2182 3184 2067
3391 2247 3636 1997
3391 2247 3503 2441
3391 2247 3225 2182
1789 2247 1711 2048
2074 2208 2135 2040
2074 2208 1789 2247
2194 2394 2367 2398
2194 2394 2074 2208
1309 5463 1473 5647
1022 5602 1039 5815
1022 5602 1309 5463
935 5537 546 5718
935 5537 1022 5602
336 3618 446 3713
154 3658 25 3883
154 3658 336 3618
0 3521 154 3658
142 3205 0 3074
142 3205 0 3350
1357 2226 1370 2132
969 2326 1002 2006
1073 2401 1357 2226
1073 2401 969 2326
1111 2526 1073 2401
585 2557 267 2575
647 2381 552 2190
647 2381 969 2326
647 2381 585 2557
665 3321 773 3537
372 3305 336 3618
372 3305 665 3321
293 3194 142 3205
293 3194 372 3305
359 3018 181 2785
359 3018 293 3194
2189 3105 2432 3254
2189 3105 2140 2854
1931 3274 2003 3525
1931 3274 2189 3105
666 3995 487 3881
482 4724 274 4748
1810 3232 1931 3274
1810 3232 1708 3075
1382 3205 1088 3271
1474 3029 1407 2898
1474 3029 1708 3075
1474 3029 1382 3205
2076 5774 2199 5936
1804 5887 1774 5972
1804 5887 2076 5774
1652 5638 1473 5647
1652 5638 1804 5887
2779 4328 2578 4194
3196 5550 3385 5454
3155 5636 3229 5808
3155 5636 3196 5550
2789 5649 2704 5730
2789 5649 3155 5636
3327 5060 3436 5132
2127 4147 2146 3962
2340 4340 2578 4194
2340 4340 2127 4147
2313 4575 2380 4654
2313 4575 2340 4340
2827 3276 2544 3187
2827 3276 2908 3420
3024 3419 2908 3420
3234 3257 3024 3419
3907 3283 4082 3258
3432 3331 3234 3257
3598 3059 3575 3006
3598 3059 3432 3331
3777 3105 3989 2879
3777 3105 3907 3283
3777 3105 3598 3059
2977 4102 2779 4328
2977 4102 3207 4174
2893 3896 2977 4102
2893 3896 2939 3815
2584 3972 2578 4194
2584 3972 2893 3896
2535 3918 2241 3873
2535 3918 2584 3972
2591 3605 2410 3433
2591 3605 2535 3918
2825 3579 2908 3420
2825 3579 2939 3815
2825 3579 2591 3605
3244 2669 3469 2560
3223 2894 3575 3006
3223 2894 3244 2669
3118 3001 3234 3257
3118 3001 3223 2894
3013 3001 2827 3276
3013 3001 3118 3001
2030 2583 2194 2394
2080 2811 2140 2854
2080 2811 2030 2583
1850 2877 1708 3075
1850 2877 2080 2811
1341 5302 1309 5463
655 5063 372 5144
706 4964 482 4724
706 4964 655 5063
866 5361 935 5537
741 5320 507 5421
741 5320 655 5063
741 5320 866 5361
954 2798 1111 2526
999 2917 1407 2898
999 2917 954 2798
944 3077 1088 3271
944 3077 999 2917
796 3125 665 3321
796 3125 944 3077
516 2934 359 3018
516 2934 796 3125
626 2656 585 2557
626 2656 954 2798
626 2656 516 2934
919 3835 666 3995
929 3603 773 3537
929 3603 919 3835
1054 3519 1088 3271
1054 3519 929 3603
658 4541 482 4724
658 4541 897 4584
583 4305 276 4298
583 4305 658 4541
683 4159 666 3995
683 4159 583 4305
2361 4885 2380 4654
2756 5304 2789 5649
2615 5208 2756 5304
2607 5081 2361 4885
2607 5081 2615 5208
3084 5105 3327 5060
3037 5208 3196 5550
3037 5208 2756 5304
3037 5208 3084 5105
3541 4642 3633 4670
3541 4642 3476 4451
3359 4740 3327 5060
3359 4740 3541 4642
3208 4333 3207 4174
3208 4333 3476 4451
3049 4519 3208 4333
3114 4660 3359 4740
3114 4660 3049 4519
2969 4917 3084 5105
2969 4917 3114 4660
2794 4891 2607 5081
2794 4891 2969 4917
2678 4640 2380 4654
2678 4640 2794 4891
2831 4464 2779 4328
2831 4464 3049 4519
2831 4464 2678 4640
3482 3473 3432 3331
3797 3516 3907 3283
3797 3516 3482 3473
3842 3590 4173 3674
3842 3590 3797 3516
3410 3601 3482 3473
3317 4057 3207 4174
3200 3768 2939 3815
3200 3768 3317 4057
3249 3689 3024 3419
3249 3689 3410 3601
3249 3689 3200 3768
2380 2752 2140 2854
2464 2510 2367 2398
2464 2510 2380 2752
2793 2827 3013 3001
2620 2932 2544 3187
2620 2932 2380 2752
2620 2932 2793 2827
1473 2372 1357 2226
1756 2349 1789 2247
1756 2349 1473 2372
1797 2478 2030 2583
1797 2478 1756 2349
1657 2664 1850 2877
1657 2664 1797 2478
1450 2713 1407 2898
1450 2713 1657 2664
1403 2637 1111 2526
1403 2637 1473 2372
1403 2637 1450 2713
1395 4918 1299 4758
1260 5165 1341 5302
1260 5165 1395 4918
1051 5124 866 5361
1051 5124 1260 5165
925 4912 706 4964
925 4912 1051 5124
968 4800 897 4584
968 4800 1299 4758
968 4800 925 4912
1823 3680 2003 3525
1801 3819 2146 3962
1801 3819 1823 3680
1733 3876 1801 3819
1395 3805 1733 3876
1359 3628 1054 3519
1359 3628 1395 3805
1493 3476 1382 3205
1493 3476 1359 3628
1592 3471 1810 3232
1592 3471 1823 3680
1592 3471 1493 3476
1715 4120 1733 3876
1921 4252 2127 4147
1921 4252 1715 4120
1801 5418 1652 5638
1689 5253 1341 5302
1689 5253 1801 5418
2132 5064 2361 4885
2119 5609 2076 5774
1964 5434 1801 5418
1964 5434 2119 5609
2144 5139 2132 5064
2144 5139 1964 5434
2411 5334 2615 5208
2411 5334 2144 5139
2363 5541 2586 5736
2363 5541 2119 5609
2363 5541 2411 5334
3858 4073 4145 3996
3810 4151 3875 4347
3810 4151 3858 4073
3616 4181 3476 4451
3616 4181 3810 4151
3406 4058 3317 4057
3406 4058 3616 4181
3558 3821 3410 3601
3558 3821 3406 4058
3761 3854 3842 3590
3761 3854 3858 4073
3761 3854 3558 3821
2810 2691 2793 2827
2678 2513 2464 2510
2678 2513 2810 2691
2795 2289 2734 2110
2795 2289 2678 2513
3065 2357 3225 2182
3065 2357 2795 2289
3091 2568 3244 2669
3091 2568 2810 2691
3091 2568 3065 2357
1896 4432 1921 4252
1896 4432 1644 4546
2074 4602 2313 4575
2074 4602 1896 4432
1025 4418 897 4584
1002 4277 683 4159
1002 4277 1025 4418
1168 4031 919 3835
1168 4031 1002 4277
1256 4020 1395 3805
1256 4020 1168 4031
1477 4262 1715 4120
1477 4262 1256 4020
1463 4447 1644 4546
1463 4447 1477 4262
1370 4508 1299 4758
1370 4508 1025 4418
1370 4508 1463 4447
1720 5104 1689 5253
1551 4920 1395 4918
1551 4920 1720 5104
1693 4712 1644 4546
1693 4712 1551 4920
1933 4816 2074 4602
1933 4816 1693 4712
1963 4967 2132 5064
1963 4967 1720 5104
1963 4967 1933 4816
