1978 1650 1722 1701
987 68 998 0
1156 409 1036 464
1087 105 987 68
1087 105 1156 409
1235 77 1250 0
1235 77 1087 105
1473 200 1536 0
1473 200 1235 77
0 361 15 366
1561 1137 1749 879
1716 1332 1561 1137
1607 1574 1722 1701
1607 1574 1716 1332
1345 1564 1256 1686
1345 1564 1607 1574
2000 1676 1978 1650
1004 1722 1256 1686
43 1297 0 1294
1392 1137 1561 1137
1392 1137 1252 849
1260 1348 1345 1564
1260 1348 1392 1137
946 716 1036 464
1113 851 1252 849
1113 851 946 716
753 719 946 716
753 719 667 790
400 797 667 790
400 797 340 696
283 1032 400 797
183 1055 43 1297
183 1055 283 1032
0 948 183 1055
72 562 15 366
72 562 340 696
72 562 0 668
2000 80 1905 0
1914 441 2000 489
1914 441 2000 304
1353 441 1156 409
1499 272 1473 200
1499 272 1353 441
1717 333 1863 0
1717 333 1499 272
1834 443 1914 441
1834 443 1717 333
1687 768 1749 879
1687 768 1834 443
1383 724 1252 849
1383 724 1353 441
1383 724 1687 768
11 2063 0 2059
81 2162 11 2063
2000 1606 1978 1650
302 2190 81 2162
408 1931 302 2190
602 1914 408 1931
116 1453 43 1297
367 1510 116 1453
322 1811 408 1931
322 1811 367 1510
98 1806 11 2063
98 1806 322 1811
0 1594 116 1453
0 1727 98 1806
822 1539 1004 1722
712 1549 602 1914
712 1549 822 1539
487 1425 367 1510
487 1425 712 1549
491 1268 283 1032
491 1268 487 1425
734 1108 667 790
734 1108 491 1268
943 1183 1113 851
943 1183 734 1108
983 1269 1260 1348
983 1269 822 1539
983 1269 943 1183
227 198 15 366
227 198 147 0
680 448 753 719
476 394 340 696
476 394 680 448
361 197 227 198
361 197 476 394
461 105 438 0
461 105 361 197
704 56 703 0
704 56 461 105
824 133 987 68
824 133 704 56
821 275 1036 464
821 275 680 448
821 275 824 133
1950 963 1749 879
2000 933 1950 963
1975 1257 1716 1332
1975 1257 1950 963
1975 1257 2000 1277
1342 1997 1256 1686
0 2253 81 2162
1120 2132 1342 1997
752 2006 602 1914
909 1956 1004 1722
909 1956 1120 2132
909 1956 752 2006
1461 2048 1342 1997
1709 1855 1722 1701
1709 1855 1461 2048
719 2326 752 2006
397 2381 302 2190
397 2381 719 2326
119 2569 0 2465
119 2569 0 2698
335 2557 397 2381
335 2557 119 2569
376 2656 335 2557
1885 2040 1709 1855
2000 2015 1885 2040
823 2401 719 2326
1107 2226 1120 2132
1107 2226 823 2401
1890 2854 2000 2807
1919 3000 1890 2854
861 2526 823 2401
1157 2898 1209 3000
749 2917 1157 2898
704 2798 376 2656
704 2798 861 2526
704 2798 749 2917
1539 2247 1461 2048
1824 2208 1885 2040
1824 2208 1539 2247
1944 2394 2000 2396
1944 2394 1824 2208
1830 2811 1890 2854
1600 2877 1512 3000
1600 2877 1830 2811
1780 2583 1944 2394
1780 2583 1830 2811
721 3000 749 2917
1223 2372 1107 2226
1506 2349 1539 2247
1506 2349 1223 2372
1547 2478 1780 2583
1547 2478 1506 2349
1407 2664 1600 2877
1407 2664 1547 2478
1200 2713 1157 2898
1200 2713 1407 2664
1153 2637 861 2526
1153 2637 1223 2372
1153 2637 1200 2713
95 3000 0 2875
266 2934 376 2656
266 2934 362 3000
266 2934 144 3000
