3180.0 1492.5 2962.5 1702.5
4890.0 1492.5 5107.5 1702.5
3180.0 1492.5 3375.0 1582.5
4890.0 1492.5 4695.0 1582.5
3570.0 1365.0 3375.0 1582.5
4500.0 1365.0 4695.0 1582.5
3997.5 1237.5 3892.5 1102.5
4072.5 1237.5 4177.5 1102.5
3922.5 975.0 3892.5 1102.5
4147.5 975.0 4177.5 1102.5
3787.5 750.0 3630.0 742.5
4282.5 750.0 4440.0 742.5
3787.5 750.0 3922.5 975.0
4282.5 750.0 4147.5 975.0
3997.5 945.0 3922.5 975.0
4072.5 945.0 4147.5 975.0
3022.5 1852.5 2962.5 1702.5
5047.5 1852.5 5107.5 1702.5
3022.5 1852.5 2932.5 2070.0
5047.5 1852.5 5137.5 2070.0
2865.0 1027.5 2670.0 997.5
5205.0 1027.5 5400.0 997.5
2992.5 915.0 2970.0 727.5
5077.5 915.0 5100.0 727.5
2992.5 915.0 2865.0 1027.5
5077.5 915.0 5205.0 1027.5
3112.5 1312.5 3180.0 1492.5
4957.5 1312.5 4890.0 1492.5
2917.5 1290.0 2865.0 1027.5
5152.5 1290.0 5205.0 1027.5
2917.5 1290.0 3112.5 1312.5
5152.5 1290.0 4957.5 1312.5
3585.0 1177.5 3892.5 1102.5
4485.0 1177.5 4177.5 1102.5
3555.0 1237.5 3570.0 1365.0
4515.0 1237.5 4500.0 1365.0
3555.0 1237.5 3585.0 1177.5
4515.0 1237.5 4485.0 1177.5
3202.5 1200.0 3112.5 1312.5
4867.5 1200.0 4957.5 1312.5
3202.5 1200.0 3555.0 1237.5
4867.5 1200.0 4515.0 1237.5
3180.0 1012.5 2992.5 915.0
4890.0 1012.5 5077.5 915.0
3180.0 1012.5 3202.5 1200.0
4890.0 1012.5 4867.5 1200.0
3382.5 855.0 3180.0 1012.5
4687.5 855.0 4890.0 1012.5
3502.5 870.0 3630.0 742.5
4567.5 870.0 4440.0 742.5
3502.5 870.0 3585.0 1177.5
4567.5 870.0 4485.0 1177.5
3502.5 870.0 3382.5 855.0
4567.5 870.0 4687.5 855.0
3742.5 1477.5 3570.0 1365.0
4327.5 1477.5 4500.0 1365.0
3892.5 1462.5 3997.5 1320.0
4177.5 1462.5 4072.5 1320.0
3892.5 1462.5 3742.5 1477.5
4177.5 1462.5 4327.5 1477.5
3997.5 1657.5 3892.5 1462.5
4072.5 1657.5 4177.5 1462.5
3697.5 1747.5 3742.5 1477.5
4372.5 1747.5 4327.5 1477.5
3772.5 1845.0 3997.5 1785.0
4297.5 1845.0 4072.5 1785.0
3772.5 1845.0 3697.5 1747.5
4297.5 1845.0 4372.5 1747.5
3337.5 1867.5 3022.5 1852.5
4732.5 1867.5 5047.5 1852.5
3337.5 1867.5 3382.5 1995.0
4732.5 1867.5 4687.5 1995.0
3405.0 1695.0 3375.0 1582.5
4665.0 1695.0 4695.0 1582.5
3405.0 1695.0 3697.5 1747.5
4665.0 1695.0 4372.5 1747.5
3405.0 1695.0 3337.5 1867.5
4665.0 1695.0 4732.5 1867.5
2617.5 5985.0 2617.5 6000.0
5452.5 5985.0 5452.5 6000.0
2520.0 5895.0 2617.5 5985.0
5550.0 5895.0 5452.5 5985.0
2752.5 1395.0 2917.5 1290.0
5317.5 1395.0 5152.5 1290.0
2827.5 1650.0 2962.5 1702.5
5242.5 1650.0 5107.5 1702.5
2827.5 1650.0 2752.5 1395.0
5242.5 1650.0 5317.5 1395.0
1980.0 1650.0 1725.0 1702.5
6090.0 1650.0 6345.0 1702.5
2737.5 555.0 2857.5 397.5
5332.5 555.0 5212.5 397.5
2737.5 555.0 2595.0 510.0
5332.5 555.0 5475.0 510.0
2797.5 660.0 2970.0 727.5
5272.5 660.0 5100.0 727.5
2797.5 660.0 2737.5 555.0
5272.5 660.0 5332.5 555.0
2625.0 892.5 2670.0 997.5
5445.0 892.5 5400.0 997.5
2625.0 892.5 2797.5 660.0
5445.0 892.5 5272.5 660.0
3052.5 375.0 2857.5 397.5
5017.5 375.0 5212.5 397.5
3112.5 300.0 3052.5 375.0
4957.5 300.0 5017.5 375.0
3232.5 645.0 3382.5 855.0
4837.5 645.0 4687.5 855.0
3097.5 630.0 2970.0 727.5
4972.5 630.0 5100.0 727.5
3097.5 630.0 3052.5 375.0
4972.5 630.0 5017.5 375.0
3097.5 630.0 3232.5 645.0
4972.5 630.0 4837.5 645.0
3555.0 495.0 3630.0 742.5
4515.0 495.0 4440.0 742.5
3412.5 420.0 3232.5 645.0
4657.5 420.0 4837.5 645.0
3412.5 420.0 3555.0 495.0
4657.5 420.0 4515.0 495.0
3900.0 645.0 3787.5 750.0
4170.0 645.0 4282.5 750.0
3900.0 645.0 3997.5 667.5
4170.0 645.0 4072.5 667.5
1155.0 412.5 1035.0 465.0
6915.0 412.5 7035.0 465.0
1087.5 105.0 990.0 67.5
6982.5 105.0 7080.0 67.5
1087.5 105.0 1155.0 412.5
6982.5 105.0 6915.0 412.5
1237.5 75.0 1087.5 105.0
6832.5 75.0 6982.5 105.0
1470.0 202.5 1237.5 75.0
6600.0 202.5 6832.5 75.0
0.0 360.0 15.0 367.5
8070.0 360.0 8055.0 367.5
2977.5 2182.5 2932.5 2070.0
5092.5 2182.5 5137.5 2070.0
3142.5 2250.0 3382.5 1995.0
4927.5 2250.0 4687.5 1995.0
3142.5 2250.0 2977.5 2182.5
4927.5 2250.0 5092.5 2182.5
3255.0 2437.5 3142.5 2250.0
4815.0 2437.5 4927.5 2250.0
3525.0 2362.5 3255.0 2437.5
4545.0 2362.5 4815.0 2437.5
3600.0 2107.5 3382.5 1995.0
4470.0 2107.5 4687.5 1995.0
3600.0 2107.5 3525.0 2362.5
4470.0 2107.5 4545.0 2362.5
3682.5 2077.5 3772.5 1845.0
4387.5 2077.5 4297.5 1845.0
3682.5 2077.5 3600.0 2107.5
4387.5 2077.5 4470.0 2107.5
3847.5 2167.5 3997.5 2100.0
4222.5 2167.5 4072.5 2100.0
3847.5 2167.5 3682.5 2077.5
4222.5 2167.5 4387.5 2077.5
3937.5 2430.0 3997.5 2415.0
4132.5 2430.0 4072.5 2415.0
3937.5 2430.0 3847.5 2167.5
4132.5 2430.0 4222.5 2167.5
3847.5 2565.0 3937.5 2430.0
4222.5 2565.0 4132.5 2430.0
3742.5 2602.5 3525.0 2362.5
4327.5 2602.5 4545.0 2362.5
3742.5 2602.5 3847.5 2565.0
4327.5 2602.5 4222.5 2565.0
2955.0 5895.0 2617.5 5985.0
5115.0 5895.0 5452.5 5985.0
2977.5 5805.0 2955.0 5895.0
5092.5 5805.0 5115.0 5895.0
2962.5 6000.0 2955.0 5895.0
5107.5 6000.0 5115.0 5895.0
2460.0 6000.0 2520.0 5895.0
5610.0 6000.0 5550.0 5895.0
1560.0 1140.0 1747.5 877.5
6510.0 1140.0 6322.5 877.5
1717.5 1335.0 1560.0 1140.0
6352.5 1335.0 6510.0 1140.0
1605.0 1575.0 1725.0 1702.5
6465.0 1575.0 6345.0 1702.5
1605.0 1575.0 1717.5 1335.0
6465.0 1575.0 6352.5 1335.0
1342.5 1567.5 1252.5 1687.5
6727.5 1567.5 6817.5 1687.5
1342.5 1567.5 1605.0 1575.0
6727.5 1567.5 6465.0 1575.0
2137.5 1845.0 1980.0 1650.0
5932.5 1845.0 6090.0 1650.0
2415.0 1687.5 2137.5 1845.0
5655.0 1687.5 5932.5 1845.0
2572.5 1822.5 2827.5 1650.0
5497.5 1822.5 5242.5 1650.0
2572.5 1822.5 2415.0 1687.5
5497.5 1822.5 5655.0 1687.5
2580.0 1972.5 2932.5 2070.0
5490.0 1972.5 5137.5 2070.0
2580.0 1972.5 2572.5 1822.5
5490.0 1972.5 5497.5 1822.5
3427.5 5925.0 3375.0 6000.0
4642.5 5925.0 4695.0 6000.0
3360.0 5842.5 2977.5 5805.0
4710.0 5842.5 5092.5 5805.0
3360.0 5842.5 3427.5 5925.0
4710.0 5842.5 4642.5 5925.0
3870.0 4732.5 3997.5 4792.5
4200.0 4732.5 4072.5 4792.5
3930.0 4560.0 3997.5 4537.5
4140.0 4560.0 4072.5 4537.5
3930.0 4560.0 3870.0 4732.5
4140.0 4560.0 4200.0 4732.5
3802.5 5092.5 3997.5 5085.0
4267.5 5092.5 4072.5 5085.0
3532.5 4605.0 3382.5 4672.5
4537.5 4605.0 4687.5 4672.5
3832.5 4747.5 3870.0 4732.5
4237.5 4747.5 4200.0 4732.5
3832.5 4747.5 3532.5 4605.0
4237.5 4747.5 4537.5 4605.0
3727.5 5002.5 3802.5 5092.5
4342.5 5002.5 4267.5 5092.5
3727.5 5002.5 3832.5 4747.5
4342.5 5002.5 4237.5 4747.5
3472.5 5025.0 3382.5 4672.5
4597.5 5025.0 4687.5 4672.5
3472.5 5025.0 3727.5 5002.5
4597.5 5025.0 4342.5 5002.5
2257.5 517.5 2100.0 547.5
5812.5 517.5 5970.0 547.5
2400.0 600.0 2595.0 510.0
5670.0 600.0 5475.0 510.0
2400.0 600.0 2257.5 517.5
5670.0 600.0 5812.5 517.5
2422.5 810.0 2625.0 892.5
5647.5 810.0 5445.0 892.5
2422.5 810.0 2400.0 600.0
5647.5 810.0 5670.0 600.0
3360.0 300.0 3412.5 420.0
4710.0 300.0 4657.5 420.0
3360.0 300.0 3495.0 127.5
4710.0 300.0 4575.0 127.5
3225.0 262.5 3112.5 300.0
4845.0 262.5 4957.5 300.0
3225.0 262.5 3360.0 300.0
4845.0 262.5 4710.0 300.0
3922.5 427.5 3900.0 645.0
4147.5 427.5 4170.0 645.0
3922.5 427.5 3997.5 397.5
4147.5 427.5 4072.5 397.5
3780.0 337.5 3555.0 495.0
4290.0 337.5 4515.0 495.0
3780.0 337.5 3922.5 427.5
4290.0 337.5 4147.5 427.5
3750.0 180.0 3495.0 127.5
4320.0 180.0 4575.0 127.5
3750.0 180.0 3780.0 337.5
4320.0 180.0 4290.0 337.5
3855.0 45.0 3997.5 75.0
4215.0 45.0 4072.5 75.0
3855.0 45.0 3750.0 180.0
4215.0 45.0 4320.0 180.0
1005.0 1725.0 1252.5 1687.5
7065.0 1725.0 6817.5 1687.5
45.0 1297.5 0.0 1297.5
8025.0 1297.5 8070.0 1297.5
1395.0 1140.0 1560.0 1140.0
6675.0 1140.0 6510.0 1140.0
1395.0 1140.0 1252.5 847.5
6675.0 1140.0 6817.5 847.5
1260.0 1350.0 1342.5 1567.5
6810.0 1350.0 6727.5 1567.5
1260.0 1350.0 1395.0 1140.0
6810.0 1350.0 6675.0 1140.0
945.0 712.5 1035.0 465.0
7125.0 712.5 7035.0 465.0
1110.0 847.5 1252.5 847.5
6960.0 847.5 6817.5 847.5
1110.0 847.5 945.0 712.5
6960.0 847.5 7125.0 712.5
750.0 720.0 945.0 712.5
7320.0 720.0 7125.0 712.5
750.0 720.0 667.5 787.5
7320.0 720.0 7402.5 787.5
397.5 795.0 667.5 787.5
7672.5 795.0 7402.5 787.5
397.5 795.0 337.5 697.5
7672.5 795.0 7732.5 697.5
285.0 1035.0 397.5 795.0
7785.0 1035.0 7672.5 795.0
180.0 1057.5 45.0 1297.5
7890.0 1057.5 8025.0 1297.5
180.0 1057.5 285.0 1035.0
7890.0 1057.5 7785.0 1035.0
0.0 945.0 180.0 1057.5
8070.0 945.0 7890.0 1057.5
75.0 562.5 15.0 367.5
7995.0 562.5 8055.0 367.5
75.0 562.5 337.5 697.5
7995.0 562.5 7732.5 697.5
75.0 562.5 0.0 667.5
7995.0 562.5 8070.0 667.5
1912.5 442.5 2100.0 547.5
6157.5 442.5 5970.0 547.5
1350.0 442.5 1155.0 412.5
6720.0 442.5 6915.0 412.5
1500.0 270.0 1470.0 202.5
6570.0 270.0 6600.0 202.5
1500.0 270.0 1350.0 442.5
6570.0 270.0 6720.0 442.5
1717.5 330.0 1500.0 270.0
6352.5 330.0 6570.0 270.0
1837.5 442.5 1912.5 442.5
6232.5 442.5 6157.5 442.5
1837.5 442.5 1717.5 330.0
6232.5 442.5 6352.5 330.0
1687.5 765.0 1747.5 877.5
6382.5 765.0 6322.5 877.5
1687.5 765.0 1837.5 442.5
6382.5 765.0 6232.5 442.5
1380.0 727.5 1252.5 847.5
6690.0 727.5 6817.5 847.5
1380.0 727.5 1350.0 442.5
6690.0 727.5 6720.0 442.5
1380.0 727.5 1687.5 765.0
6690.0 727.5 6382.5 765.0
7.5 2062.5 0.0 2062.5
8062.5 2062.5 8070.0 2062.5
82.5 2160.0 7.5 2062.5
7987.5 2160.0 8062.5 2062.5
2182.5 5932.5 2197.5 6000.0
5887.5 5932.5 5872.5 6000.0
3622.5 4350.0 3532.5 4605.0
4447.5 4350.0 4537.5 4605.0
3562.5 4147.5 3622.5 4350.0
4507.5 4147.5 4447.5 4350.0
3997.5 4215.0 3997.5 4215.0
4072.5 4215.0 4072.5 4215.0
3855.0 4410.0 3930.0 4560.0
4215.0 4410.0 4140.0 4560.0
3855.0 4410.0 3622.5 4350.0
4215.0 4410.0 4447.5 4350.0
3855.0 4410.0 3997.5 4215.0
4215.0 4410.0 4072.5 4215.0
3997.5 2685.0 3847.5 2565.0
4072.5 2685.0 4222.5 2565.0
3217.5 2557.5 3255.0 2437.5
4852.5 2557.5 4815.0 2437.5
2812.5 2355.0 2977.5 2182.5
5257.5 2355.0 5092.5 2182.5
2535.0 1237.5 2670.0 997.5
5535.0 1237.5 5400.0 997.5
2572.5 1327.5 2752.5 1395.0
5497.5 1327.5 5317.5 1395.0
2572.5 1327.5 2535.0 1237.5
5497.5 1327.5 5535.0 1237.5
2392.5 1560.0 2415.0 1687.5
5677.5 1560.0 5655.0 1687.5
2392.5 1560.0 2572.5 1327.5
5677.5 1560.0 5497.5 1327.5
2092.5 1425.0 1980.0 1650.0
5977.5 1425.0 6090.0 1650.0
2092.5 1425.0 2392.5 1560.0
5977.5 1425.0 5677.5 1560.0
3772.5 5422.5 3802.5 5092.5
4297.5 5422.5 4267.5 5092.5
3772.5 5422.5 3997.5 5445.0
4297.5 5422.5 4072.5 5445.0
3772.5 5422.5 3705.0 5460.0
4297.5 5422.5 4365.0 5460.0
3622.5 5962.5 3427.5 5925.0
4447.5 5962.5 4642.5 5925.0
3742.5 5820.0 3705.0 5460.0
4327.5 5820.0 4365.0 5460.0
3742.5 5820.0 3622.5 5962.5
4327.5 5820.0 4447.5 5962.5
3885.0 5812.5 3997.5 5707.5
4185.0 5812.5 4072.5 5707.5
3885.0 5812.5 3742.5 5820.0
4185.0 5812.5 4327.5 5820.0
3997.5 5917.5 3885.0 5812.5
4072.5 5917.5 4185.0 5812.5
3637.5 6000.0 3622.5 5962.5
4432.5 6000.0 4447.5 5962.5
3187.5 5130.0 3075.0 5062.5
4882.5 5130.0 4995.0 5062.5
3187.5 5130.0 3135.0 5452.5
4882.5 5130.0 4935.0 5452.5
3412.5 5100.0 3472.5 5025.0
4657.5 5100.0 4597.5 5025.0
3412.5 5100.0 3187.5 5130.0
4657.5 5100.0 4882.5 5130.0
3540.0 5430.0 3705.0 5460.0
4530.0 5430.0 4365.0 5460.0
3540.0 5430.0 3412.5 5100.0
4530.0 5430.0 4657.5 5100.0
3382.5 5535.0 3360.0 5842.5
4687.5 5535.0 4710.0 5842.5
3382.5 5535.0 3135.0 5452.5
4687.5 5535.0 4935.0 5452.5
3382.5 5535.0 3540.0 5430.0
4687.5 5535.0 4530.0 5430.0
3292.5 4642.5 3382.5 4672.5
4777.5 4642.5 4687.5 4672.5
3112.5 4740.0 3075.0 5062.5
4957.5 4740.0 4995.0 5062.5
3112.5 4740.0 3292.5 4642.5
4957.5 4740.0 4777.5 4642.5
2865.0 4657.5 3112.5 4740.0
5205.0 4657.5 4957.5 4740.0
2865.0 4657.5 2797.5 4522.5
5205.0 4657.5 5272.5 4522.5
2580.0 4462.5 2797.5 4522.5
5490.0 4462.5 5272.5 4522.5
300.0 2190.0 82.5 2160.0
7770.0 2190.0 7987.5 2160.0
405.0 1927.5 300.0 2190.0
7665.0 1927.5 7770.0 2190.0
600.0 1912.5 405.0 1927.5
7470.0 1912.5 7665.0 1927.5
112.5 1455.0 45.0 1297.5
7957.5 1455.0 8025.0 1297.5
367.5 1507.5 112.5 1455.0
7702.5 1507.5 7957.5 1455.0
322.5 1807.5 405.0 1927.5
7747.5 1807.5 7665.0 1927.5
322.5 1807.5 367.5 1507.5
7747.5 1807.5 7702.5 1507.5
97.5 1807.5 7.5 2062.5
7972.5 1807.5 8062.5 2062.5
97.5 1807.5 322.5 1807.5
7972.5 1807.5 7747.5 1807.5
0.0 1597.5 112.5 1455.0
8070.0 1597.5 7957.5 1455.0
0.0 1725.0 97.5 1807.5
8070.0 1725.0 7972.5 1807.5
825.0 1537.5 1005.0 1725.0
7245.0 1537.5 7065.0 1725.0
712.5 1552.5 600.0 1912.5
7357.5 1552.5 7470.0 1912.5
712.5 1552.5 825.0 1537.5
7357.5 1552.5 7245.0 1537.5
487.5 1425.0 367.5 1507.5
7582.5 1425.0 7702.5 1507.5
487.5 1425.0 712.5 1552.5
7582.5 1425.0 7357.5 1552.5
487.5 1267.5 285.0 1035.0
7582.5 1267.5 7785.0 1035.0
487.5 1267.5 487.5 1425.0
7582.5 1267.5 7582.5 1425.0
735.0 1110.0 667.5 787.5
7335.0 1110.0 7402.5 787.5
735.0 1110.0 487.5 1267.5
7335.0 1110.0 7582.5 1267.5
945.0 1185.0 1110.0 847.5
7125.0 1185.0 6960.0 847.5
945.0 1185.0 735.0 1110.0
7125.0 1185.0 7335.0 1110.0
982.5 1267.5 1260.0 1350.0
7087.5 1267.5 6810.0 1350.0
982.5 1267.5 825.0 1537.5
7087.5 1267.5 7245.0 1537.5
982.5 1267.5 945.0 1185.0
7087.5 1267.5 7125.0 1185.0
225.0 195.0 15.0 367.5
7845.0 195.0 8055.0 367.5
682.5 450.0 750.0 720.0
7387.5 450.0 7320.0 720.0
472.5 397.5 337.5 697.5
7597.5 397.5 7732.5 697.5
472.5 397.5 682.5 450.0
7597.5 397.5 7387.5 450.0
360.0 195.0 225.0 195.0
7710.0 195.0 7845.0 195.0
360.0 195.0 472.5 397.5
7710.0 195.0 7597.5 397.5
457.5 105.0 360.0 195.0
7612.5 105.0 7710.0 195.0
705.0 52.5 457.5 105.0
7365.0 52.5 7612.5 105.0
825.0 135.0 990.0 67.5
7245.0 135.0 7080.0 67.5
825.0 135.0 705.0 52.5
7245.0 135.0 7365.0 52.5
817.5 277.5 1035.0 465.0
7252.5 277.5 7035.0 465.0
817.5 277.5 682.5 450.0
7252.5 277.5 7387.5 450.0
817.5 277.5 825.0 135.0
7252.5 277.5 7245.0 135.0
3945.0 3022.5 3997.5 3007.5
4125.0 3022.5 4072.5 3007.5
3832.5 3255.0 3997.5 3435.0
4237.5 3255.0 4072.5 3435.0
3832.5 3255.0 3945.0 3022.5
4237.5 3255.0 4125.0 3022.5
3660.0 3285.0 3832.5 3255.0
4410.0 3285.0 4237.5 3255.0
3157.5 3600.0 3307.5 3817.5
4912.5 3600.0 4762.5 3817.5
3232.5 3472.5 3157.5 3600.0
4837.5 3472.5 4912.5 3600.0
3547.5 3517.5 3660.0 3285.0
4522.5 3517.5 4410.0 3285.0
3547.5 3517.5 3232.5 3472.5
4522.5 3517.5 4837.5 3472.5
3180.0 3330.0 3232.5 3472.5
4890.0 3330.0 4837.5 3472.5
2985.0 3255.0 3180.0 3330.0
5085.0 3255.0 4890.0 3330.0
2865.0 3000.0 2985.0 3255.0
5205.0 3000.0 5085.0 3255.0
2865.0 3000.0 2970.0 2895.0
5205.0 3000.0 5100.0 2895.0
2842.5 2565.0 2812.5 2355.0
5227.5 2565.0 5257.5 2355.0
2992.5 2670.0 3217.5 2557.5
5077.5 2670.0 4852.5 2557.5
2992.5 2670.0 2970.0 2895.0
5077.5 2670.0 5100.0 2895.0
2992.5 2670.0 2842.5 2565.0
5077.5 2670.0 5227.5 2565.0
1950.0 960.0 1747.5 877.5
6120.0 960.0 6322.5 877.5
2062.5 892.5 2100.0 547.5
6007.5 892.5 5970.0 547.5
2062.5 892.5 1950.0 960.0
6007.5 892.5 6120.0 960.0
2295.0 937.5 2422.5 810.0
5775.0 937.5 5647.5 810.0
2295.0 937.5 2062.5 892.5
5775.0 937.5 6007.5 892.5
2362.5 1155.0 2535.0 1237.5
5707.5 1155.0 5535.0 1237.5
2362.5 1155.0 2295.0 937.5
5707.5 1155.0 5775.0 937.5
2062.5 1327.5 2092.5 1425.0
6007.5 1327.5 5977.5 1425.0
2062.5 1327.5 2362.5 1155.0
6007.5 1327.5 5707.5 1155.0
1972.5 1260.0 1717.5 1335.0
6097.5 1260.0 6352.5 1335.0
1972.5 1260.0 1950.0 960.0
6097.5 1260.0 6120.0 960.0
1972.5 1260.0 2062.5 1327.5
6097.5 1260.0 6007.5 1327.5
2092.5 4342.5 2062.5 4575.0
5977.5 4342.5 6007.5 4575.0
2557.5 2692.5 2842.5 2565.0
5512.5 2692.5 5227.5 2565.0
1342.5 1995.0 1252.5 1687.5
6727.5 1995.0 6817.5 1687.5
0.0 2250.0 82.5 2160.0
8070.0 2250.0 7987.5 2160.0
0.0 4935.0 0.0 4935.0
8070.0 4935.0 8070.0 4935.0
1522.5 5970.0 1545.0 6000.0
6547.5 5970.0 6525.0 6000.0
1552.5 5887.5 1522.5 5970.0
6517.5 5887.5 6547.5 5970.0
1822.5 5775.0 1867.5 5610.0
6247.5 5775.0 6202.5 5610.0
1822.5 5775.0 1552.5 5887.5
6247.5 5775.0 6517.5 5887.5
1950.0 5932.5 2182.5 5932.5
6120.0 5932.5 5887.5 5932.5
1950.0 5932.5 1927.5 6000.0
6120.0 5932.5 6142.5 6000.0
1950.0 5932.5 1822.5 5775.0
6120.0 5932.5 6247.5 5775.0
682.5 5535.0 615.0 5362.5
7387.5 5535.0 7455.0 5362.5
3367.5 4177.5 3562.5 4147.5
4702.5 4177.5 4507.5 4147.5
3225.0 4447.5 3292.5 4642.5
4845.0 4447.5 4777.5 4642.5
3225.0 4447.5 3367.5 4177.5
4845.0 4447.5 4702.5 4177.5
2955.0 4335.0 2797.5 4522.5
5115.0 4335.0 5272.5 4522.5
2955.0 4335.0 3225.0 4447.5
5115.0 4335.0 4845.0 4447.5
3157.5 4057.5 3307.5 3817.5
4912.5 4057.5 4762.5 3817.5
3157.5 4057.5 3367.5 4177.5
4912.5 4057.5 4702.5 4177.5
2722.5 4920.0 2865.0 4657.5
5347.5 4920.0 5205.0 4657.5
2835.0 5107.5 3075.0 5062.5
5235.0 5107.5 4995.0 5062.5
2835.0 5107.5 2722.5 4920.0
5235.0 5107.5 5347.5 4920.0
1117.5 2130.0 1342.5 1995.0
6952.5 2130.0 6727.5 1995.0
750.0 2002.5 600.0 1912.5
7320.0 2002.5 7470.0 1912.5
907.5 1957.5 1005.0 1725.0
7162.5 1957.5 7065.0 1725.0
907.5 1957.5 1117.5 2130.0
7162.5 1957.5 6952.5 2130.0
907.5 1957.5 750.0 2002.5
7162.5 1957.5 7320.0 2002.5
3390.0 2752.5 3217.5 2557.5
4680.0 2752.5 4852.5 2557.5
3697.5 2692.5 3742.5 2602.5
4372.5 2692.5 4327.5 2602.5
3697.5 2692.5 3390.0 2752.5
4372.5 2692.5 4680.0 2752.5
3742.5 2880.0 3945.0 3022.5
4327.5 2880.0 4125.0 3022.5
3742.5 2880.0 3697.5 2692.5
4327.5 2880.0 4372.5 2692.5
3525.0 3105.0 3660.0 3285.0
4545.0 3105.0 4410.0 3285.0
3525.0 3105.0 3742.5 2880.0
4545.0 3105.0 4327.5 2880.0
3345.0 3060.0 3180.0 3330.0
4725.0 3060.0 4890.0 3330.0
3345.0 3060.0 3525.0 3105.0
4725.0 3060.0 4545.0 3105.0
3322.5 3007.5 2970.0 2895.0
4747.5 3007.5 5100.0 2895.0
3322.5 3007.5 3390.0 2752.5
4747.5 3007.5 4680.0 2752.5
3322.5 3007.5 3345.0 3060.0
4747.5 3007.5 4725.0 3060.0
3067.5 4057.5 3157.5 4057.5
5002.5 4057.5 4912.5 4057.5
2955.0 4177.5 2955.0 4335.0
5115.0 4177.5 5115.0 4335.0
2955.0 4177.5 3067.5 4057.5
5115.0 4177.5 5002.5 4057.5
3840.0 4012.5 3997.5 4215.0
4230.0 4012.5 4072.5 4215.0
3607.5 4072.5 3562.5 4147.5
4462.5 4072.5 4507.5 4147.5
3607.5 4072.5 3840.0 4012.5
4462.5 4072.5 4230.0 4012.5
3510.0 3855.0 3307.5 3817.5
4560.0 3855.0 4762.5 3817.5
3510.0 3855.0 3607.5 4072.5
4560.0 3855.0 4462.5 4072.5
3592.5 3592.5 3547.5 3517.5
4477.5 3592.5 4522.5 3517.5
3592.5 3592.5 3510.0 3855.0
4477.5 3592.5 4560.0 3855.0
3952.5 3682.5 3997.5 3435.0
4117.5 3682.5 4072.5 3435.0
3952.5 3682.5 3592.5 3592.5
4117.5 3682.5 4477.5 3592.5
3997.5 3772.5 3840.0 4012.5
4072.5 3772.5 4230.0 4012.5
3997.5 3772.5 3952.5 3682.5
4072.5 3772.5 4117.5 3682.5
1462.5 4117.5 1230.0 4260.0
6607.5 4117.5 6840.0 4260.0
1875.0 4147.5 2092.5 4342.5
6195.0 4147.5 5977.5 4342.5
1672.5 4252.5 1462.5 4117.5
6397.5 4252.5 6607.5 4117.5
1672.5 4252.5 1875.0 4147.5
6397.5 4252.5 6195.0 4147.5
2542.5 2827.5 2557.5 2692.5
5527.5 2827.5 5512.5 2692.5
2542.5 2827.5 2370.0 2932.5
5527.5 2827.5 5700.0 2932.5
2760.0 3000.0 2865.0 3000.0
5310.0 3000.0 5205.0 3000.0
2760.0 3000.0 2542.5 2827.5
5310.0 3000.0 5527.5 2827.5
1462.5 2047.5 1342.5 1995.0
6607.5 2047.5 6727.5 1995.0
1710.0 1852.5 1725.0 1702.5
6360.0 1852.5 6345.0 1702.5
1710.0 1852.5 1462.5 2047.5
6360.0 1852.5 6607.5 2047.5
720.0 2325.0 750.0 2002.5
7350.0 2325.0 7320.0 2002.5
397.5 2377.5 300.0 2190.0
7672.5 2377.5 7770.0 2190.0
397.5 2377.5 720.0 2325.0
7672.5 2377.5 7350.0 2325.0
120.0 2572.5 0.0 2467.5
7950.0 2572.5 8070.0 2467.5
120.0 2572.5 0.0 2700.0
7950.0 2572.5 8070.0 2700.0
337.5 2557.5 397.5 2377.5
7732.5 2557.5 7672.5 2377.5
337.5 2557.5 120.0 2572.5
7732.5 2557.5 7950.0 2572.5
375.0 2655.0 337.5 2557.5
7695.0 2655.0 7732.5 2557.5
232.5 4725.0 457.5 4965.0
7837.5 4725.0 7612.5 4965.0
232.5 4725.0 405.0 4537.5
7837.5 4725.0 7665.0 4537.5
112.5 4740.0 0.0 4935.0
7957.5 4740.0 8070.0 4935.0
112.5 4740.0 0.0 4582.5
7957.5 4740.0 8070.0 4582.5
112.5 4740.0 232.5 4725.0
7957.5 4740.0 7837.5 4725.0
120.0 5145.0 0.0 4935.0
7950.0 5145.0 8070.0 4935.0
405.0 5062.5 457.5 4965.0
7665.0 5062.5 7612.5 4965.0
405.0 5062.5 120.0 5145.0
7665.0 5062.5 7950.0 5145.0
487.5 5317.5 615.0 5362.5
7582.5 5317.5 7455.0 5362.5
487.5 5317.5 405.0 5062.5
7582.5 5317.5 7665.0 5062.5
772.5 5602.5 682.5 5535.0
7297.5 5602.5 7387.5 5535.0
772.5 5602.5 787.5 5812.5
7297.5 5602.5 7282.5 5812.5
1050.0 5895.0 787.5 5812.5
7020.0 5895.0 7282.5 5812.5
1132.5 5850.0 1050.0 5895.0
6937.5 5850.0 7020.0 5895.0
1455.0 6000.0 1522.5 5970.0
6615.0 6000.0 6547.5 5970.0
1342.5 6000.0 1132.5 5850.0
6727.5 6000.0 6937.5 5850.0
1050.0 6000.0 1050.0 5895.0
7020.0 6000.0 7020.0 5895.0
1822.5 4605.0 2062.5 4575.0
6247.5 4605.0 6007.5 4575.0
1680.0 4815.0 1822.5 4605.0
6390.0 4815.0 6247.5 4605.0
1642.5 4432.5 1672.5 4252.5
6427.5 4432.5 6397.5 4252.5
1642.5 4432.5 1822.5 4605.0
6427.5 4432.5 6247.5 4605.0
1717.5 5437.5 1867.5 5610.0
6352.5 5437.5 6202.5 5610.0
1710.0 4965.0 1680.0 4815.0
6360.0 4965.0 6390.0 4815.0
1882.5 5062.5 1710.0 4965.0
6187.5 5062.5 6360.0 4965.0
1897.5 5137.5 1717.5 5437.5
6172.5 5137.5 6352.5 5437.5
1897.5 5137.5 1882.5 5062.5
6172.5 5137.5 6187.5 5062.5
802.5 5122.5 615.0 5362.5
7267.5 5122.5 7455.0 5362.5
675.0 4912.5 457.5 4965.0
7395.0 4912.5 7612.5 4965.0
675.0 4912.5 802.5 5122.5
7395.0 4912.5 7267.5 5122.5
682.5 5940.0 787.5 5812.5
7387.5 5940.0 7282.5 5812.5
682.5 5940.0 450.0 5985.0
7387.5 5940.0 7620.0 5985.0
712.5 6000.0 682.5 5940.0
7357.5 6000.0 7387.5 5940.0
442.5 6000.0 450.0 5985.0
7627.5 6000.0 7620.0 5985.0
2790.0 5205.0 2835.0 5107.5
5280.0 5205.0 5235.0 5107.5
2947.5 5550.0 3135.0 5452.5
5122.5 5550.0 4935.0 5452.5
2947.5 5550.0 2790.0 5205.0
5122.5 5550.0 5280.0 5205.0
2902.5 5632.5 2977.5 5805.0
5167.5 5632.5 5092.5 5805.0
2902.5 5632.5 2947.5 5550.0
5167.5 5632.5 5122.5 5550.0
2542.5 4890.0 2722.5 4920.0
5527.5 4890.0 5347.5 4920.0
2355.0 5077.5 2542.5 4890.0
5715.0 5077.5 5527.5 4890.0
2107.5 4882.5 1882.5 5062.5
5962.5 4882.5 6187.5 5062.5
2107.5 4882.5 2355.0 5077.5
5962.5 4882.5 5715.0 5077.5
2130.0 4657.5 2062.5 4575.0
5940.0 4657.5 6007.5 4575.0
2130.0 4657.5 2107.5 4882.5
5940.0 4657.5 5962.5 4882.5
2430.0 4642.5 2580.0 4462.5
5640.0 4642.5 5490.0 4462.5
2430.0 4642.5 2542.5 4890.0
5640.0 4642.5 5527.5 4890.0
2430.0 4642.5 2130.0 4657.5
5640.0 4642.5 5940.0 4657.5
3000.0 3690.0 3157.5 3600.0
5070.0 3690.0 4912.5 3600.0
2947.5 3765.0 3067.5 4057.5
5122.5 3765.0 5002.5 4057.5
2947.5 3765.0 3000.0 3690.0
5122.5 3765.0 5070.0 3690.0
2775.0 3420.0 2985.0 3255.0
5295.0 3420.0 5085.0 3255.0
2775.0 3420.0 3000.0 3690.0
5295.0 3420.0 5070.0 3690.0
2730.0 4102.5 2955.0 4177.5
5340.0 4102.5 5115.0 4177.5
2527.5 4327.5 2580.0 4462.5
5542.5 4327.5 5490.0 4462.5
2527.5 4327.5 2730.0 4102.5
5542.5 4327.5 5340.0 4102.5
2325.0 4192.5 2092.5 4342.5
5745.0 4192.5 5977.5 4342.5
2325.0 4192.5 2527.5 4327.5
5745.0 4192.5 5542.5 4327.5
1897.5 3960.0 1875.0 4147.5
6172.5 3960.0 6195.0 4147.5
1897.5 3960.0 1987.5 3870.0
6172.5 3960.0 6082.5 3870.0
1965.0 3585.0 1987.5 3870.0
6105.0 3585.0 6082.5 3870.0
1755.0 3525.0 1965.0 3585.0
6315.0 3525.0 6105.0 3585.0
1882.5 2040.0 1710.0 1852.5
6187.5 2040.0 6360.0 1852.5
2122.5 1987.5 2137.5 1845.0
5947.5 1987.5 5932.5 1845.0
2122.5 1987.5 1882.5 2040.0
5947.5 1987.5 6187.5 2040.0
1575.0 3682.5 1755.0 3525.0
6495.0 3682.5 6315.0 3525.0
1552.5 3817.5 1897.5 3960.0
6517.5 3817.5 6172.5 3960.0
1552.5 3817.5 1575.0 3682.5
6517.5 3817.5 6495.0 3682.5
1485.0 3877.5 1462.5 4117.5
6585.0 3877.5 6607.5 4117.5
1485.0 3877.5 1552.5 3817.5
6585.0 3877.5 6517.5 3817.5
1342.5 3472.5 1575.0 3682.5
6727.5 3472.5 6495.0 3682.5
1245.0 3472.5 1342.5 3472.5
6825.0 3472.5 6727.5 3472.5
1110.0 3630.0 1245.0 3472.5
6960.0 3630.0 6825.0 3472.5
1147.5 3802.5 1485.0 3877.5
6922.5 3802.5 6585.0 3877.5
1147.5 3802.5 1110.0 3630.0
6922.5 3802.5 6960.0 3630.0
1005.0 4020.0 1230.0 4260.0
7065.0 4020.0 6840.0 4260.0
1005.0 4020.0 1147.5 3802.5
7065.0 4020.0 6922.5 3802.5
1132.5 3202.5 1245.0 3472.5
6937.5 3202.5 6825.0 3472.5
1132.5 3202.5 1222.5 3030.0
6937.5 3202.5 6847.5 3030.0
825.0 2400.0 720.0 2325.0
7245.0 2400.0 7350.0 2325.0
1110.0 2227.5 1117.5 2130.0
6960.0 2227.5 6952.5 2130.0
1110.0 2227.5 825.0 2400.0
6960.0 2227.5 7245.0 2400.0
97.5 5317.5 120.0 5145.0
7972.5 5317.5 7950.0 5145.0
97.5 5317.5 0.0 5362.5
7972.5 5317.5 8070.0 5362.5
255.0 5422.5 487.5 5317.5
7815.0 5422.5 7582.5 5317.5
255.0 5422.5 97.5 5317.5
7815.0 5422.5 7972.5 5317.5
292.5 5715.0 682.5 5535.0
7777.5 5715.0 7387.5 5535.0
292.5 5715.0 255.0 5422.5
7777.5 5715.0 7815.0 5422.5
270.0 5782.5 450.0 5985.0
7800.0 5782.5 7620.0 5985.0
270.0 5782.5 292.5 5715.0
7800.0 5782.5 7777.5 5715.0
120.0 5812.5 0.0 5947.5
7950.0 5812.5 8070.0 5947.5
120.0 5812.5 270.0 5782.5
7950.0 5812.5 7800.0 5782.5
0.0 5685.0 120.0 5812.5
8070.0 5685.0 7950.0 5812.5
1057.5 5460.0 772.5 5602.5
7012.5 5460.0 7297.5 5602.5
1552.5 5415.0 1717.5 5437.5
6517.5 5415.0 6352.5 5437.5
1402.5 5640.0 1552.5 5887.5
6667.5 5640.0 6517.5 5887.5
1402.5 5640.0 1552.5 5415.0
6667.5 5640.0 6517.5 5415.0
1222.5 5647.5 1132.5 5850.0
6847.5 5647.5 6937.5 5850.0
1222.5 5647.5 1057.5 5460.0
6847.5 5647.5 7012.5 5460.0
1222.5 5647.5 1402.5 5640.0
6847.5 5647.5 6667.5 5640.0
720.0 4800.0 675.0 4912.5
7350.0 4800.0 7395.0 4912.5
645.0 4582.5 405.0 4537.5
7425.0 4582.5 7665.0 4537.5
645.0 4582.5 772.5 4417.5
7425.0 4582.5 7297.5 4417.5
645.0 4582.5 720.0 4800.0
7425.0 4582.5 7350.0 4800.0
2332.5 5737.5 2182.5 5932.5
5737.5 5737.5 5887.5 5932.5
2115.0 5542.5 1867.5 5610.0
5955.0 5542.5 6202.5 5610.0
2115.0 5542.5 2332.5 5737.5
5955.0 5542.5 5737.5 5737.5
2160.0 5332.5 1897.5 5137.5
5910.0 5332.5 6172.5 5137.5
2160.0 5332.5 2115.0 5542.5
5910.0 5332.5 5955.0 5542.5
2362.5 5205.0 2355.0 5077.5
5707.5 5205.0 5715.0 5077.5
2362.5 5205.0 2160.0 5332.5
5707.5 5205.0 5910.0 5332.5
2505.0 5302.5 2790.0 5205.0
5565.0 5302.5 5280.0 5205.0
2505.0 5302.5 2362.5 5205.0
5565.0 5302.5 5707.5 5205.0
2542.5 5647.5 2902.5 5632.5
5527.5 5647.5 5167.5 5632.5
2542.5 5647.5 2505.0 5302.5
5527.5 5647.5 5565.0 5302.5
2452.5 5730.0 2520.0 5895.0
5617.5 5730.0 5550.0 5895.0
2452.5 5730.0 2332.5 5737.5
5617.5 5730.0 5737.5 5737.5
2452.5 5730.0 2542.5 5647.5
5617.5 5730.0 5527.5 5647.5
2580.0 3277.5 2760.0 3000.0
5490.0 3277.5 5310.0 3000.0
2655.0 3420.0 2775.0 3420.0
5415.0 3420.0 5295.0 3420.0
2655.0 3420.0 2580.0 3277.5
5415.0 3420.0 5490.0 3277.5
2160.0 3435.0 1965.0 3585.0
5910.0 3435.0 6105.0 3585.0
2182.5 3255.0 2160.0 3435.0
5887.5 3255.0 5910.0 3435.0
2295.0 3187.5 2370.0 2932.5
5775.0 3187.5 5700.0 2932.5
2295.0 3187.5 2580.0 3277.5
5775.0 3187.5 5490.0 3277.5
2295.0 3187.5 2182.5 3255.0
5775.0 3187.5 5887.5 3255.0
2340.0 3607.5 2160.0 3435.0
5730.0 3607.5 5910.0 3435.0
2572.5 3577.5 2655.0 3420.0
5497.5 3577.5 5415.0 3420.0
2572.5 3577.5 2340.0 3607.5
5497.5 3577.5 5730.0 3607.5
2692.5 3817.5 2947.5 3765.0
5377.5 3817.5 5122.5 3765.0
2692.5 3817.5 2572.5 3577.5
5377.5 3817.5 5497.5 3577.5
2640.0 3892.5 2730.0 4102.5
5430.0 3892.5 5340.0 4102.5
2640.0 3892.5 2692.5 3817.5
5430.0 3892.5 5377.5 3817.5
2332.5 3975.0 2325.0 4192.5
5737.5 3975.0 5745.0 4192.5
2332.5 3975.0 2640.0 3892.5
5737.5 3975.0 5430.0 3892.5
2287.5 3915.0 1987.5 3870.0
5782.5 3915.0 6082.5 3870.0
2287.5 3915.0 2340.0 3607.5
5782.5 3915.0 5730.0 3607.5
2287.5 3915.0 2332.5 3975.0
5782.5 3915.0 5737.5 3975.0
2130.0 2752.5 2370.0 2932.5
5940.0 2752.5 5700.0 2932.5
2430.0 2512.5 2557.5 2692.5
5640.0 2512.5 5512.5 2692.5
2212.5 2512.5 2130.0 2752.5
5857.5 2512.5 5940.0 2752.5
2212.5 2512.5 2430.0 2512.5
5857.5 2512.5 5640.0 2512.5
2115.0 2400.0 2212.5 2512.5
5955.0 2400.0 5857.5 2512.5
2220.0 2107.5 2122.5 1987.5
5850.0 2107.5 5947.5 1987.5
2220.0 2107.5 2115.0 2400.0
5850.0 2107.5 5955.0 2400.0
2482.5 2107.5 2580.0 1972.5
5587.5 2107.5 5490.0 1972.5
2482.5 2107.5 2220.0 2107.5
5587.5 2107.5 5850.0 2107.5
2542.5 2287.5 2812.5 2355.0
5527.5 2287.5 5257.5 2355.0
2542.5 2287.5 2430.0 2512.5
5527.5 2287.5 5640.0 2512.5
2542.5 2287.5 2482.5 2107.5
5527.5 2287.5 5587.5 2107.5
1680.0 3277.5 1755.0 3525.0
6390.0 3277.5 6315.0 3525.0
1560.0 3232.5 1342.5 3472.5
6510.0 3232.5 6727.5 3472.5
1560.0 3232.5 1680.0 3277.5
6510.0 3232.5 6390.0 3277.5
1455.0 3075.0 1222.5 3030.0
6615.0 3075.0 6847.5 3030.0
1455.0 3075.0 1560.0 3232.5
6615.0 3075.0 6510.0 3232.5
1890.0 2857.5 2130.0 2752.5
6180.0 2857.5 5940.0 2752.5
1942.5 3105.0 2182.5 3255.0
6127.5 3105.0 5887.5 3255.0
1942.5 3105.0 1680.0 3277.5
6127.5 3105.0 6390.0 3277.5
1942.5 3105.0 1890.0 2857.5
6127.5 3105.0 6180.0 2857.5
915.0 4027.5 1005.0 4020.0
7155.0 4027.5 7065.0 4020.0
915.0 4027.5 667.5 3832.5
7155.0 4027.5 7402.5 3832.5
750.0 4275.0 772.5 4417.5
7320.0 4275.0 7297.5 4417.5
750.0 4275.0 915.0 4027.5
7320.0 4275.0 7155.0 4027.5
862.5 2527.5 825.0 2400.0
7207.5 2527.5 7245.0 2400.0
1155.0 2895.0 1222.5 3030.0
6915.0 2895.0 6847.5 3030.0
750.0 2917.5 1155.0 2895.0
7320.0 2917.5 6915.0 2895.0
705.0 2797.5 375.0 2655.0
7365.0 2797.5 7695.0 2655.0
705.0 2797.5 862.5 2527.5
7365.0 2797.5 7207.5 2527.5
705.0 2797.5 750.0 2917.5
7365.0 2797.5 7320.0 2917.5
1470.0 5107.5 1710.0 4965.0
6600.0 5107.5 6360.0 4965.0
1440.0 5250.0 1552.5 5415.0
6630.0 5250.0 6517.5 5415.0
1440.0 5250.0 1470.0 5107.5
6630.0 5250.0 6600.0 5107.5
1087.5 5302.5 1057.5 5460.0
6982.5 5302.5 7012.5 5460.0
1087.5 5302.5 1440.0 5250.0
6982.5 5302.5 6630.0 5250.0
1012.5 5167.5 802.5 5122.5
7057.5 5167.5 7267.5 5122.5
1012.5 5167.5 1087.5 5302.5
7057.5 5167.5 6982.5 5302.5
1395.0 4545.0 1642.5 4432.5
6675.0 4545.0 6427.5 4432.5
1440.0 4710.0 1680.0 4815.0
6630.0 4710.0 6390.0 4815.0
1440.0 4710.0 1395.0 4545.0
6630.0 4710.0 6675.0 4545.0
1297.5 4920.0 1470.0 5107.5
6772.5 4920.0 6600.0 5107.5
1297.5 4920.0 1440.0 4710.0
6772.5 4920.0 6630.0 4710.0
1147.5 4920.0 1012.5 5167.5
6922.5 4920.0 7057.5 5167.5
1147.5 4920.0 1297.5 4920.0
6922.5 4920.0 6772.5 4920.0
1050.0 4755.0 720.0 4800.0
7020.0 4755.0 7350.0 4800.0
1050.0 4755.0 1147.5 4920.0
7020.0 4755.0 6922.5 4920.0
1117.5 4507.5 772.5 4417.5
6952.5 4507.5 7297.5 4417.5
1117.5 4507.5 1050.0 4755.0
6952.5 4507.5 7020.0 4755.0
1215.0 4447.5 1230.0 4260.0
6855.0 4447.5 6840.0 4260.0
1215.0 4447.5 1395.0 4545.0
6855.0 4447.5 6675.0 4545.0
1215.0 4447.5 1117.5 4507.5
6855.0 4447.5 6952.5 4507.5
1537.5 2250.0 1462.5 2047.5
6532.5 2250.0 6607.5 2047.5
1822.5 2205.0 1882.5 2040.0
6247.5 2205.0 6187.5 2040.0
1822.5 2205.0 1537.5 2250.0
6247.5 2205.0 6532.5 2250.0
1942.5 2392.5 2115.0 2400.0
6127.5 2392.5 5955.0 2400.0
1942.5 2392.5 1822.5 2205.0
6127.5 2392.5 6247.5 2205.0
1830.0 2812.5 1890.0 2857.5
6240.0 2812.5 6180.0 2857.5
1597.5 2880.0 1455.0 3075.0
6472.5 2880.0 6615.0 3075.0
1597.5 2880.0 1830.0 2812.5
6472.5 2880.0 6240.0 2812.5
1777.5 2580.0 1942.5 2392.5
6292.5 2580.0 6127.5 2392.5
1777.5 2580.0 1830.0 2812.5
6292.5 2580.0 6240.0 2812.5
697.5 3075.0 750.0 2917.5
7372.5 3075.0 7320.0 2917.5
840.0 3270.0 1132.5 3202.5
7230.0 3270.0 6937.5 3202.5
840.0 3270.0 697.5 3075.0
7230.0 3270.0 7372.5 3075.0
802.5 3517.5 1110.0 3630.0
7267.5 3517.5 6960.0 3630.0
802.5 3517.5 840.0 3270.0
7267.5 3517.5 7230.0 3270.0
682.5 3600.0 667.5 3832.5
7387.5 3600.0 7402.5 3832.5
682.5 3600.0 802.5 3517.5
7387.5 3600.0 7267.5 3517.5
1222.5 2370.0 1110.0 2227.5
6847.5 2370.0 6960.0 2227.5
1507.5 2347.5 1537.5 2250.0
6562.5 2347.5 6532.5 2250.0
1507.5 2347.5 1222.5 2370.0
6562.5 2347.5 6847.5 2370.0
1545.0 2475.0 1777.5 2580.0
6525.0 2475.0 6292.5 2580.0
1545.0 2475.0 1507.5 2347.5
6525.0 2475.0 6562.5 2347.5
1410.0 2662.5 1597.5 2880.0
6660.0 2662.5 6472.5 2880.0
1410.0 2662.5 1545.0 2475.0
6660.0 2662.5 6525.0 2475.0
1200.0 2715.0 1155.0 2895.0
6870.0 2715.0 6915.0 2895.0
1200.0 2715.0 1410.0 2662.5
6870.0 2715.0 6660.0 2662.5
1155.0 2640.0 862.5 2527.5
6915.0 2640.0 7207.5 2527.5
1155.0 2640.0 1222.5 2370.0
6915.0 2640.0 6847.5 2370.0
1155.0 2640.0 1200.0 2715.0
6915.0 2640.0 6870.0 2715.0
52.5 4027.5 0.0 4020.0
8017.5 4027.5 8070.0 4020.0
240.0 3877.5 52.5 4027.5
7830.0 3877.5 8017.5 4027.5
412.5 3997.5 667.5 3832.5
7657.5 3997.5 7402.5 3832.5
412.5 3997.5 240.0 3877.5
7657.5 3997.5 7830.0 3877.5
435.0 4162.5 750.0 4275.0
7635.0 4162.5 7320.0 4275.0
435.0 4162.5 412.5 3997.5
7635.0 4162.5 7657.5 3997.5
330.0 4305.0 405.0 4537.5
7740.0 4305.0 7665.0 4537.5
330.0 4305.0 435.0 4162.5
7740.0 4305.0 7635.0 4162.5
105.0 4297.5 0.0 4387.5
7965.0 4297.5 8070.0 4387.5
105.0 4297.5 52.5 4027.5
7965.0 4297.5 8017.5 4027.5
105.0 4297.5 330.0 4305.0
7965.0 4297.5 7740.0 4305.0
547.5 3127.5 697.5 3075.0
7522.5 3127.5 7372.5 3075.0
45.0 3195.0 0.0 3195.0
8025.0 3195.0 8070.0 3195.0
112.5 3015.0 0.0 2872.5
7957.5 3015.0 8070.0 2872.5
112.5 3015.0 45.0 3195.0
7957.5 3015.0 8025.0 3195.0
262.5 2932.5 375.0 2655.0
7807.5 2932.5 7695.0 2655.0
262.5 2932.5 547.5 3127.5
7807.5 2932.5 7522.5 3127.5
262.5 2932.5 112.5 3015.0
7807.5 2932.5 7957.5 3015.0
195.0 3712.5 240.0 3877.5
7875.0 3712.5 7830.0 3877.5
82.5 3615.0 0.0 3637.5
7987.5 3615.0 8070.0 3637.5
82.5 3615.0 195.0 3712.5
7987.5 3615.0 7875.0 3712.5
120.0 3307.5 45.0 3195.0
7950.0 3307.5 8025.0 3195.0
120.0 3307.5 82.5 3615.0
7950.0 3307.5 7987.5 3615.0
412.5 3322.5 547.5 3127.5
7657.5 3322.5 7522.5 3127.5
412.5 3322.5 120.0 3307.5
7657.5 3322.5 7950.0 3307.5
525.0 3540.0 682.5 3600.0
7545.0 3540.0 7387.5 3600.0
525.0 3540.0 195.0 3712.5
7545.0 3540.0 7875.0 3712.5
525.0 3540.0 412.5 3322.5
7545.0 3540.0 7657.5 3322.5
