3178 1495 2959 1702
3178 1495 3374 1583
3572 1366 3374 1583
4000 1234 3895 1104
2707 0 2856 395
3922 972 3895 1104
3791 753 3633 743
3791 753 3922 972
4000 945 3922 972
3026 1855 2959 1702
3026 1855 2934 2067
2863 1026 2673 1001
2994 914 2968 727
2994 914 2863 1026
3115 1310 3178 1495
2921 1288 2863 1026
2921 1288 3115 1310
3588 1174 3895 1104
3556 1236 3572 1366
3556 1236 3588 1174
3200 1198 3115 1310
3200 1198 3556 1236
3181 1011 2994 914
3181 1011 3200 1198
3379 854 3181 1011
3501 867 3633 743
3501 867 3588 1174
3501 867 3379 854
3741 1475 3572 1366
3892 1461 4000 1317
3892 1461 3741 1475
4000 1659 3892 1461
3695 1747 3741 1475
3774 1846 4000 1784
3774 1846 3695 1747
3334 1870 3026 1855
3334 1870 3386 1997
3403 1696 3374 1583
3403 1696 3695 1747
3403 1696 3334 1870
2618 5985 2621 6000
2523 5894 2618 5985
2755 1394 2921 1288
2827 1648 2959 1702
2827 1648 2755 1394
1978 1650 1722 1701
2593 508 2536 0
2737 555 2856 395
2737 555 2593 508
2796 657 2968 727
2796 657 2737 555
2627 892 2673 1001
2627 892 2796 657
3053 377 2856 395
3111 298 2840 0
3111 298 3053 377
3230 646 3379 854
3101 632 2968 727
3101 632 3053 377
3101 632 3230 646
3553 495 3633 743
3414 420 3230 646
3414 420 3553 495
3903 644 3791 753
3903 644 4000 668
2341 101 2451 0
987 68 998 0
1156 409 1036 464
1087 105 987 68
1087 105 1156 409
1235 77 1250 0
1235 77 1087 105
1473 200 1536 0
1473 200 1235 77
0 361 15 366
2975 2182 2934 2067
3141 2247 3386 1997
3141 2247 2975 2182
3253 2441 3141 2247
3527 2360 3253 2441
3603 2111 3386 1997
3603 2111 3527 2360
3685 2080 3774 1846
3685 2080 3603 2111
3844 2170 4000 2101
3844 2170 3685 2080
3941 2430 4000 2418
3941 2430 3844 2170
3850 2562 3941 2430
3740 2606 3527 2360
3740 2606 3850 2562
2953 5898 2618 5985
2979 5808 2953 5898
2966 6000 2953 5898
2462 6000 2523 5894
1561 1137 1749 879
1716 1332 1561 1137
1607 1574 1722 1701
1607 1574 1716 1332
1345 1564 1256 1686
1345 1564 1607 1574
2141 1846 1978 1650
2412 1685 2141 1846
2571 1820 2827 1648
2571 1820 2412 1685
2583 1969 2934 2067
2583 1969 2571 1820
3429 5923 3374 6000
3361 5839 2979 5808
3361 5839 3429 5923
3869 4730 4000 4796
3931 4557 4000 4535
3931 4557 3869 4730
3801 5092 4000 5087
3531 4602 3383 4670
3829 4746 3869 4730
3829 4746 3531 4602
3725 5000 3801 5092
3725 5000 3829 4746
3469 5024 3383 4670
3469 5024 3725 5000
2260 518 2341 101
2260 518 2103 547
2403 597 2593 508
2403 597 2260 518
2419 811 2627 892
2419 811 2403 597
3493 127 3470 0
3362 299 3414 420
3362 299 3493 127
3227 264 3111 298
3227 264 3182 0
3227 264 3362 299
3926 428 3903 644
3926 428 4000 398
3782 340 3553 495
3782 340 3926 428
3749 180 3493 127
3749 180 3782 340
3853 44 3840 0
3853 44 4000 74
3853 44 3749 180
1004 1722 1256 1686
43 1297 0 1294
1392 1137 1561 1137
1392 1137 1252 849
1260 1348 1345 1564
1260 1348 1392 1137
946 716 1036 464
1113 851 1252 849
1113 851 946 716
753 719 946 716
753 719 667 790
400 797 667 790
400 797 340 696
283 1032 400 797
183 1055 43 1297
183 1055 283 1032
0 948 183 1055
72 562 15 366
72 562 340 696
72 562 0 668
2091 158 2341 101
2091 158 1905 0
1914 441 2103 547
1914 441 2091 158
1353 441 1156 409
1499 272 1473 200
1499 272 1353 441
1717 333 1863 0
1717 333 1499 272
1834 443 1914 441
1834 443 1717 333
1687 768 1749 879
1687 768 1834 443
1383 724 1252 849
1383 724 1353 441
1383 724 1687 768
11 2063 0 2059
81 2162 11 2063
2179 5935 2198 6000
3625 4347 3531 4602
3560 4151 3625 4347
3997 4215 4000 4216
3856 4412 3931 4557
3856 4412 3625 4347
3856 4412 3997 4215
4000 2683 3850 2562
3219 2560 3253 2441
2815 2357 2975 2182
2533 1238 2673 1001
2571 1330 2755 1394
2571 1330 2533 1238
2394 1561 2412 1685
2394 1561 2571 1330
2090 1423 1978 1650
2090 1423 2394 1561
3773 5421 3801 5092
3773 5421 4000 5443
3773 5421 3702 5461
3625 5963 3429 5923
3739 5823 3702 5461
3739 5823 3625 5963
3884 5816 4000 5709
3884 5816 3739 5823
4000 5914 3884 5816
3641 6000 3625 5963
3186 5132 3077 5060
3186 5132 3135 5454
3412 5102 3469 5024
3412 5102 3186 5132
3543 5431 3702 5461
3543 5431 3412 5102
3385 5537 3361 5839
3385 5537 3135 5454
3385 5537 3543 5431
3291 4642 3383 4670
3109 4740 3077 5060
3109 4740 3291 4642
2864 4660 3109 4740
2864 4660 2799 4519
2581 4464 2799 4519
302 2190 81 2162
408 1931 302 2190
602 1914 408 1931
116 1453 43 1297
367 1510 116 1453
322 1811 408 1931
322 1811 367 1510
98 1806 11 2063
98 1806 322 1811
0 1594 116 1453
0 1727 98 1806
822 1539 1004 1722
712 1549 602 1914
712 1549 822 1539
487 1425 367 1510
487 1425 712 1549
491 1268 283 1032
491 1268 487 1425
734 1108 667 790
734 1108 491 1268
943 1183 1113 851
943 1183 734 1108
983 1269 1260 1348
983 1269 822 1539
983 1269 943 1183
227 198 15 366
227 198 147 0
680 448 753 719
476 394 340 696
476 394 680 448
361 197 227 198
361 197 476 394
461 105 438 0
461 105 361 197
704 56 703 0
704 56 461 105
824 133 987 68
824 133 704 56
821 275 1036 464
821 275 680 448
821 275 824 133
3944 3025 4000 3010
3832 3258 4000 3433
3832 3258 3944 3025
3657 3283 3832 3258
3160 3601 3308 3821
3232 3473 3160 3601
3547 3516 3657 3283
3547 3516 3232 3473
3182 3331 3232 3473
2984 3257 3182 3331
2868 3001 2984 3257
2868 3001 2973 2894
2841 2568 2815 2357
2994 2669 3219 2560
2994 2669 2973 2894
2994 2669 2841 2568
1950 963 1749 879
2062 894 2103 547
2062 894 1950 963
2294 936 2419 811
2294 936 2062 894
2359 1153 2533 1238
2359 1153 2294 936
2062 1327 2090 1423
2062 1327 2359 1153
1975 1257 1716 1332
1975 1257 1950 963
1975 1257 2062 1327
2090 4340 2063 4575
2560 2691 2841 2568
1342 1997 1256 1686
0 2253 81 2162
0 4935 2 4934
1524 5972 1544 6000
1554 5887 1524 5972
1826 5774 1869 5609
1826 5774 1554 5887
1949 5936 2179 5935
1949 5936 1929 6000
1949 5936 1826 5774
685 5537 616 5361
3366 4181 3560 4151
3226 4451 3291 4642
3226 4451 3366 4181
2958 4333 2799 4519
2958 4333 3226 4451
3156 4058 3308 3821
3156 4058 3366 4181
2719 4917 2864 4660
2834 5105 3077 5060
2834 5105 2719 4917
1120 2132 1342 1997
752 2006 602 1914
909 1956 1004 1722
909 1956 1120 2132
909 1956 752 2006
3388 2756 3219 2560
3695 2691 3740 2606
3695 2691 3388 2756
3739 2879 3944 3025
3739 2879 3695 2691
3527 3105 3657 3283
3527 3105 3739 2879
3348 3059 3182 3331
3348 3059 3527 3105
3325 3006 2973 2894
3325 3006 3388 2756
3325 3006 3348 3059
3067 4057 3156 4058
2957 4174 2958 4333
2957 4174 3067 4057
3839 4011 3997 4215
3608 4073 3560 4151
3608 4073 3839 4011
3511 3854 3308 3821
3511 3854 3608 4073
3592 3590 3547 3516
3592 3590 3511 3854
3952 3681 4000 3438
3952 3681 3592 3590
4000 3776 3839 4011
4000 3770 3952 3681
1465 4120 1227 4262
1877 4147 2090 4340
1671 4252 1465 4120
1671 4252 1877 4147
2543 2827 2560 2691
2543 2827 2370 2932
2763 3001 2868 3001
2763 3001 2543 2827
1461 2048 1342 1997
1709 1855 1722 1701
1709 1855 1461 2048
719 2326 752 2006
397 2381 302 2190
397 2381 719 2326
119 2569 0 2465
119 2569 0 2698
335 2557 397 2381
335 2557 119 2569
376 2656 335 2557
232 4724 456 4964
232 4724 408 4541
116 4737 2 4934
116 4737 0 4584
116 4737 232 4724
122 5144 2 4934
405 5063 456 4964
405 5063 122 5144
491 5320 616 5361
491 5320 405 5063
772 5602 685 5537
772 5602 789 5815
1050 5892 789 5815
1131 5849 1050 5892
1458 6000 1524 5972
1343 6000 1131 5849
1051 6000 1050 5892
1824 4602 2063 4575
1683 4816 1824 4602
1646 4432 1671 4252
1646 4432 1824 4602
1714 5434 1869 5609
1713 4967 1683 4816
1882 5064 1713 4967
1894 5139 1714 5434
1894 5139 1882 5064
801 5124 616 5361
675 4912 456 4964
675 4912 801 5124
686 5942 789 5815
686 5942 447 5983
716 6000 686 5942
442 6000 447 5983
2787 5208 2834 5105
2946 5550 3135 5454
2946 5550 2787 5208
2905 5636 2979 5808
2905 5636 2946 5550
2544 4891 2719 4917
2357 5081 2544 4891
2111 4885 1882 5064
2111 4885 2357 5081
2130 4654 2063 4575
2130 4654 2111 4885
2428 4640 2581 4464
2428 4640 2544 4891
2428 4640 2130 4654
2999 3689 3160 3601
2950 3768 3067 4057
2950 3768 2999 3689
2774 3419 2984 3257
2774 3419 2999 3689
2727 4102 2957 4174
2529 4328 2581 4464
2529 4328 2727 4102
2328 4194 2090 4340
2328 4194 2529 4328
1896 3962 1877 4147
1896 3962 1991 3873
1963 3587 1991 3873
1753 3525 1963 3587
1885 2040 1709 1855
2122 1988 2141 1846
2122 1988 1885 2040
1573 3680 1753 3525
1551 3819 1896 3962
1551 3819 1573 3680
1483 3876 1465 4120
1483 3876 1551 3819
1342 3471 1573 3680
1243 3476 1342 3471
1109 3628 1243 3476
1145 3805 1483 3876
1145 3805 1109 3628
1006 4020 1227 4262
1006 4020 1145 3805
1132 3205 1243 3476
1132 3205 1224 3029
823 2401 719 2326
1107 2226 1120 2132
1107 2226 823 2401
97 5315 122 5144
97 5315 0 5363
257 5421 491 5320
257 5421 97 5315
296 5718 685 5537
296 5718 257 5421
270 5783 447 5983
270 5783 296 5718
122 5810 0 5950
122 5810 270 5783
0 5682 122 5810
1059 5463 772 5602
1551 5418 1714 5434
1402 5638 1554 5887
1402 5638 1551 5418
1223 5647 1131 5849
1223 5647 1059 5463
1223 5647 1402 5638
718 4800 675 4912
647 4584 408 4541
647 4584 775 4418
647 4584 718 4800
2336 5736 2179 5935
2113 5541 1869 5609
2113 5541 2336 5736
2161 5334 1894 5139
2161 5334 2113 5541
2365 5208 2357 5081
2365 5208 2161 5334
2506 5304 2787 5208
2506 5304 2365 5208
2539 5649 2905 5636
2539 5649 2506 5304
2454 5730 2523 5894
2454 5730 2336 5736
2454 5730 2539 5649
2577 3276 2763 3001
2658 3420 2774 3419
2658 3420 2577 3276
2160 3433 1963 3587
2182 3254 2160 3433
2294 3187 2370 2932
2294 3187 2577 3276
2294 3187 2182 3254
2341 3605 2160 3433
2575 3579 2658 3420
2575 3579 2341 3605
2689 3815 2950 3768
2689 3815 2575 3579
2643 3896 2727 4102
2643 3896 2689 3815
2334 3972 2328 4194
2334 3972 2643 3896
2285 3918 1991 3873
2285 3918 2341 3605
2285 3918 2334 3972
2130 2752 2370 2932
2428 2513 2560 2691
2214 2510 2130 2752
2214 2510 2428 2513
2117 2398 2214 2510
2223 2105 2122 1988
2223 2105 2117 2398
2484 2110 2583 1969
2484 2110 2223 2105
2545 2289 2815 2357
2545 2289 2428 2513
2545 2289 2484 2110
1681 3274 1753 3525
1560 3232 1342 3471
1560 3232 1681 3274
1458 3075 1224 3029
1458 3075 1560 3232
1890 2854 2130 2752
1939 3105 2182 3254
1939 3105 1681 3274
1939 3105 1890 2854
918 4031 1006 4020
918 4031 669 3835
752 4277 775 4418
752 4277 918 4031
861 2526 823 2401
1157 2898 1224 3029
749 2917 1157 2898
704 2798 376 2656
704 2798 861 2526
704 2798 749 2917
1470 5104 1713 4967
1439 5253 1551 5418
1439 5253 1470 5104
1091 5302 1059 5463
1091 5302 1439 5253
1010 5165 801 5124
1010 5165 1091 5302
1394 4546 1646 4432
1443 4712 1683 4816
1443 4712 1394 4546
1301 4920 1470 5104
1301 4920 1443 4712
1145 4918 1010 5165
1145 4918 1301 4920
1049 4758 718 4800
1049 4758 1145 4918
1120 4508 775 4418
1120 4508 1049 4758
1213 4447 1227 4262
1213 4447 1394 4546
1213 4447 1120 4508
1539 2247 1461 2048
1824 2208 1885 2040
1824 2208 1539 2247
1944 2394 2117 2398
1944 2394 1824 2208
1830 2811 1890 2854
1600 2877 1458 3075
1600 2877 1830 2811
1780 2583 1944 2394
1780 2583 1830 2811
694 3077 749 2917
838 3271 1132 3205
838 3271 694 3077
804 3519 1109 3628
804 3519 838 3271
679 3603 669 3835
679 3603 804 3519
1223 2372 1107 2226
1506 2349 1539 2247
1506 2349 1223 2372
1547 2478 1780 2583
1547 2478 1506 2349
1407 2664 1600 2877
1407 2664 1547 2478
1200 2713 1157 2898
1200 2713 1407 2664
1153 2637 861 2526
1153 2637 1223 2372
1153 2637 1200 2713
50 4025 0 4019
237 3881 50 4025
416 3995 669 3835
416 3995 237 3881
433 4159 752 4277
433 4159 416 3995
333 4305 408 4541
333 4305 433 4159
107 4300 0 4384
107 4300 50 4025
107 4300 333 4305
546 3125 694 3077
43 3194 0 3197
109 3018 0 2875
109 3018 43 3194
266 2934 376 2656
266 2934 546 3125
266 2934 109 3018
196 3713 237 3881
86 3618 0 3637
86 3618 196 3713
122 3305 43 3194
122 3305 86 3618
415 3321 546 3125
415 3321 122 3305
523 3537 679 3603
523 3537 196 3713
523 3537 415 3321
