1978 1650 1722 1701
987 68 998 0
1156 409 1036 464
1087 105 987 68
1087 105 1156 409
1235 77 1250 0
1235 77 1087 105
1473 200 1536 0
1473 200 1235 77
0 361 15 366
1561 1137 1749 879
1716 1332 1561 1137
1607 1574 1722 1701
1607 1574 1716 1332
1345 1564 1256 1686
1345 1564 1607 1574
2000 1676 1978 1650
1004 1722 1256 1686
43 1297 0 1294
1392 1137 1561 1137
1392 1137 1252 849
1260 1348 1345 1564
1260 1348 1392 1137
946 716 1036 464
1113 851 1252 849
1113 851 946 716
753 719 946 716
753 719 667 790
400 797 667 790
400 797 340 696
283 1032 400 797
183 1055 43 1297
183 1055 283 1032
0 948 183 1055
72 562 15 366
72 562 340 696
72 562 0 668
2000 80 1905 0
1914 441 2000 489
1914 441 2000 304
1353 441 1156 409
1499 272 1473 200
1499 272 1353 441
1717 333 1863 0
1717 333 1499 272
1834 443 1914 441
1834 443 1717 333
1687 768 1749 879
1687 768 1834 443
1383 724 1252 849
1383 724 1353 441
1383 724 1687 768
11 2063 0 2059
81 2162 11 2063
2000 1606 1978 1650
302 2190 81 2162
408 1931 302 2190
602 1914 408 1931
116 1453 43 1297
367 1510 116 1453
322 1811 408 1931
322 1811 367 1510
98 1806 11 2063
98 1806 322 1811
0 1594 116 1453
0 1727 98 1806
822 1539 1004 1722
712 1549 602 1914
712 1549 822 1539
487 1425 367 1510
487 1425 712 1549
491 1268 283 1032
491 1268 487 1425
734 1108 667 790
734 1108 491 1268
943 1183 1113 851
943 1183 734 1108
983 1269 1260 1348
983 1269 822 1539
983 1269 943 1183
227 198 15 366
227 198 147 0
680 448 753 719
476 394 340 696
476 394 680 448
361 197 227 198
361 197 476 394
461 105 438 0
461 105 361 197
704 56 703 0
704 56 461 105
824 133 987 68
824 133 704 56
821 275 1036 464
821 275 680 448
821 275 824 133
1950 963 1749 879
2000 933 1950 963
1975 1257 1716 1332
1975 1257 1950 963
1975 1257 2000 1277
1342 1997 1256 1686
0 2253 81 2162
1120 2132 1342 1997
752 2006 602 1914
909 1956 1004 1722
909 1956 1120 2132
909 1956 752 2006
1461 2048 1342 1997
1709 1855 1722 1701
1709 1855 1461 2048
719 2326 752 2006
397 2381 302 2190
397 2381 719 2326
119 2569 0 2465
119 2569 0 2698
335 2557 397 2381
335 2557 119 2569
376 2656 335 2557
1885 2040 1709 1855
2000 2015 1885 2040
823 2401 719 2326
1107 2226 1120 2132
1107 2226 823 2401
1890 2854 2000 2807
1919 3000 1890 2854
861 2526 823 2401
1157 2898 1209 3000
749 2917 1157 2898
704 2798 376 2656
704 2798 861 2526
704 2798 749 2917
1539 2247 1461 2048
1824 2208 1885 2040
1824 2208 1539 2247
1944 2394 2000 2396
1944 2394 1824 2208
1830 2811 1890 2854
1600 2877 1512 3000
1600 2877 1830 2811
1780 2583 1944 2394
1780 2583 1830 2811
721 3000 749 2917
1223 2372 1107 2226
1506 2349 1539 2247
1506 2349 1223 2372
1547 2478 1780 2583
1547 2478 1506 2349
1407 2664 1600 2877
1407 2664 1547 2478
1200 2713 1157 2898
1200 2713 1407 2664
1153 2637 861 2526
1153 2637 1223 2372
1153 2637 1200 2713
95 3000 0 2875
266 2934 376 2656
266 2934 362 3000
266 2934 144 3000
3178 1495 2959 1702
3178 1495 3374 1583
3572 1366 3374 1583
4000 1234 3895 1104
2707 0 2856 395
3922 972 3895 1104
3791 753 3633 743
3791 753 3922 972
4000 945 3922 972
3026 1855 2959 1702
3026 1855 2934 2067
2863 1026 2673 1001
2994 914 2968 727
2994 914 2863 1026
3115 1310 3178 1495
2921 1288 2863 1026
2921 1288 3115 1310
3588 1174 3895 1104
3556 1236 3572 1366
3556 1236 3588 1174
3200 1198 3115 1310
3200 1198 3556 1236
3181 1011 2994 914
3181 1011 3200 1198
3379 854 3181 1011
3501 867 3633 743
3501 867 3588 1174
3501 867 3379 854
3741 1475 3572 1366
3892 1461 4000 1317
3892 1461 3741 1475
4000 1659 3892 1461
3695 1747 3741 1475
3774 1846 4000 1784
3774 1846 3695 1747
3334 1870 3026 1855
3334 1870 3386 1997
3403 1696 3374 1583
3403 1696 3695 1747
3403 1696 3334 1870
2755 1394 2921 1288
2827 1648 2959 1702
2827 1648 2755 1394
2593 508 2536 0
2737 555 2856 395
2737 555 2593 508
2796 657 2968 727
2796 657 2737 555
2627 892 2673 1001
2627 892 2796 657
3053 377 2856 395
3111 298 2840 0
3111 298 3053 377
3230 646 3379 854
3101 632 2968 727
3101 632 3053 377
3101 632 3230 646
3553 495 3633 743
3414 420 3230 646
3414 420 3553 495
3903 644 3791 753
3903 644 4000 668
2341 101 2451 0
2975 2182 2934 2067
3141 2247 3386 1997
3141 2247 2975 2182
3253 2441 3141 2247
3527 2360 3253 2441
3603 2111 3386 1997
3603 2111 3527 2360
3685 2080 3774 1846
3685 2080 3603 2111
3844 2170 4000 2101
3844 2170 3685 2080
3941 2430 4000 2418
3941 2430 3844 2170
3850 2562 3941 2430
3740 2606 3527 2360
3740 2606 3850 2562
2141 1846 2000 1676
2412 1685 2141 1846
2571 1820 2827 1648
2571 1820 2412 1685
2583 1969 2934 2067
2583 1969 2571 1820
2260 518 2341 101
2260 518 2103 547
2403 597 2593 508
2403 597 2260 518
2419 811 2627 892
2419 811 2403 597
3493 127 3470 0
3362 299 3414 420
3362 299 3493 127
3227 264 3111 298
3227 264 3182 0
3227 264 3362 299
3926 428 3903 644
3926 428 4000 398
3782 340 3553 495
3782 340 3926 428
3749 180 3493 127
3749 180 3782 340
3853 44 3840 0
3853 44 4000 74
3853 44 3749 180
2091 158 2341 101
2091 158 2000 80
2000 489 2103 547
2000 304 2091 158
4000 2683 3850 2562
3219 2560 3253 2441
2815 2357 2975 2182
2533 1238 2673 1001
2571 1330 2755 1394
2571 1330 2533 1238
2394 1561 2412 1685
2394 1561 2571 1330
2090 1423 2000 1606
2090 1423 2394 1561
2869 3000 2973 2894
2841 2568 2815 2357
2994 2669 3219 2560
2994 2669 2973 2894
2994 2669 2841 2568
2062 894 2103 547
2062 894 2000 933
2294 936 2419 811
2294 936 2062 894
2359 1153 2533 1238
2359 1153 2294 936
2062 1327 2090 1423
2062 1327 2359 1153
2000 1277 2062 1327
2560 2691 2841 2568
3388 2756 3219 2560
3695 2691 3740 2606
3695 2691 3388 2756
3739 2879 3909 3000
3739 2879 3695 2691
3626 3000 3739 2879
3304 3000 2973 2894
3327 3000 3388 2756
2543 2827 2560 2691
2543 2827 2370 2932
2762 3000 2543 2827
2122 1988 2141 1846
2122 1988 2000 2015
2350 3000 2370 2932
2130 2752 2370 2932
2428 2513 2560 2691
2214 2510 2130 2752
2214 2510 2428 2513
2117 2398 2214 2510
2223 2105 2122 1988
2223 2105 2117 2398
2484 2110 2583 1969
2484 2110 2223 2105
2545 2289 2815 2357
2545 2289 2428 2513
2545 2289 2484 2110
2000 2807 2130 2752
2000 2396 2117 2398
1465 4120 1227 4262
1877 4147 2000 4258
1671 4252 1465 4120
1671 4252 1877 4147
1646 4432 1671 4252
1646 4432 1717 4500
1896 3962 1877 4147
1896 3962 1991 3873
1963 3587 1991 3873
1753 3525 1963 3587
1573 3680 1753 3525
1551 3819 1896 3962
1551 3819 1573 3680
1483 3876 1465 4120
1483 3876 1551 3819
1342 3471 1573 3680
1243 3476 1342 3471
1109 3628 1243 3476
1145 3805 1483 3876
1145 3805 1109 3628
1006 4020 1227 4262
1006 4020 1145 3805
1132 3205 1243 3476
1132 3205 1224 3029
713 4500 775 4418
2000 3559 1963 3587
2000 3874 1991 3873
1681 3274 1753 3525
1560 3232 1342 3471
1560 3232 1681 3274
1458 3075 1224 3029
1458 3075 1560 3232
1939 3105 2000 3142
1939 3105 1681 3274
1939 3105 1919 3000
918 4031 1006 4020
918 4031 669 3835
752 4277 775 4418
752 4277 918 4031
1209 3000 1224 3029
1497 4500 1646 4432
1086 4500 775 4418
1213 4447 1227 4262
1213 4447 1309 4500
1213 4447 1133 4500
1512 3000 1458 3075
694 3077 721 3000
838 3271 1132 3205
838 3271 694 3077
804 3519 1109 3628
804 3519 838 3271
679 3603 669 3835
679 3603 804 3519
50 4025 0 4019
237 3881 50 4025
416 3995 669 3835
416 3995 237 3881
433 4159 752 4277
433 4159 416 3995
333 4305 395 4500
333 4305 433 4159
107 4300 0 4384
107 4300 50 4025
107 4300 333 4305
546 3125 694 3077
43 3194 0 3197
109 3018 95 3000
109 3018 43 3194
362 3000 546 3125
144 3000 109 3018
196 3713 237 3881
86 3618 0 3637
86 3618 196 3713
122 3305 43 3194
122 3305 86 3618
415 3321 546 3125
415 3321 122 3305
523 3537 679 3603
523 3537 196 3713
523 3537 415 3321
3625 4347 3569 4500
3560 4151 3625 4347
3997 4215 4000 4216
3856 4412 3901 4500
3856 4412 3625 4347
3856 4412 3997 4215
2581 4464 2722 4500
3944 3025 4000 3010
3832 3258 4000 3433
3832 3258 3944 3025
3657 3283 3832 3258
3160 3601 3308 3821
3232 3473 3160 3601
3547 3516 3657 3283
3547 3516 3232 3473
3182 3331 3232 3473
2984 3257 3182 3331
2868 3001 2984 3257
2868 3001 2869 3000
2090 4340 2072 4500
3366 4181 3560 4151
3226 4451 3243 4500
3226 4451 3366 4181
2958 4333 2815 4500
2958 4333 3226 4451
3156 4058 3308 3821
3156 4058 3366 4181
3909 3000 3944 3025
3527 3105 3657 3283
3527 3105 3626 3000
3348 3059 3182 3331
3348 3059 3527 3105
3325 3006 3304 3000
3325 3006 3327 3000
3325 3006 3348 3059
3067 4057 3156 4058
2957 4174 2958 4333
2957 4174 3067 4057
3839 4011 3997 4215
3608 4073 3560 4151
3608 4073 3839 4011
3511 3854 3308 3821
3511 3854 3608 4073
3592 3590 3547 3516
3592 3590 3511 3854
3952 3681 4000 3438
3952 3681 3592 3590
4000 3776 3839 4011
4000 3770 3952 3681
2000 4258 2090 4340
2763 3001 2868 3001
2763 3001 2762 3000
2550 4500 2581 4464
2999 3689 3160 3601
2950 3768 3067 4057
2950 3768 2999 3689
2774 3419 2984 3257
2774 3419 2999 3689
2727 4102 2957 4174
2529 4328 2581 4464
2529 4328 2727 4102
2328 4194 2090 4340
2328 4194 2529 4328
2577 3276 2763 3001
2658 3420 2774 3419
2658 3420 2577 3276
2160 3433 2000 3559
2182 3254 2160 3433
2294 3187 2350 3000
2294 3187 2577 3276
2294 3187 2182 3254
2341 3605 2160 3433
2575 3579 2658 3420
2575 3579 2341 3605
2689 3815 2950 3768
2689 3815 2575 3579
2643 3896 2727 4102
2643 3896 2689 3815
2334 3972 2328 4194
2334 3972 2643 3896
2285 3918 2000 3874
2285 3918 2341 3605
2285 3918 2334 3972
2000 3142 2182 3254
